9997
9998
6335
6501
9170
5725
1479
9359
6963
4465
5706
8146
3282
6828
9962
492
2996
1943
4828
5437
2392
4605
3903
154
293
2383
7422
8717
9719
9896
5448
1727
4772
1539
1870
9913
5668
6300
7036
9895
8704
3812
1323
334
7674
4665
5142
7712
8254
6869
5548
7645
2663
2758
38
2860
8724
9742
7530
779
2317
3036
2191
1843
289
107
9041
8943
9265
2649
7447
3806
5891
6730
4371
5351
5007
1102
4394
3549
9630
2624
4085
9955
8757
1841
4967
7377
3932
6309
6945
2440
4627
1324
5538
1539
6119
2083
2930
6542
4834
1116
4640
9659
2705
9931
3978
2307
1674
2387
5022
8746
6925
9073
6271
5830
6778
5574
5098
6513
3987
3291
9162
8637
2356
4768
3656
5575
4032
2053
7351
1151
6942
1725
3967
3431
1108
192
8008
1338
5458
2288
7754
384
4946
8910
2210
9759
4222
8589
6423
4947
7507
3031
6414
9169
901
2592
8763
1656
7411
6360
7625
538
1549
6484
7596
4042
3603
4351
292
837
9375
1021
4597
4022
7349
3200
9669
4485
8282
4735
54
2000
6419
7939
6901
3789
8128
468
3729
4894
4649
2484
7808
2422
4311
6618
2814
9515
4310
7617
8936
7452
601
5250
6520
1557
2799
304
6225
1009
5845
2610
4990
2703
3196
486
3094
4344
524
1588
9315
9504
7449
5201
3459
6619
581
9797
4799
5282
9590
799
8010
7158
473
3623
8539
2293
6039
4180
8191
9658
7959
6192
9816
2889
9157
1512
6203
2635
4273
56
329
2647
6363
4887
8876
8434
9870
143
3845
1417
1882
1999
323
8652
22
5700
3558
8477
7893
4390
5076
713
2601
2511
1004
6870
7862
4689
3402
9790
5256
6424
5003
586
4183
286
7089
1427
8618
3758
9833
933
4170
2155
5722
7190
9977
1330
2369
8693
1426
556
3435
6550
7442
9513
146
8061
1719
3754
6140
2424
6280
5997
6688
2530
2550
7438
9867
2950
194
3196
3298
417
8287
6106
4489
6283
2456
5735
8115
1702
1317
672
5787
2264
4314
4356
1186
54
913
809
1833
946
4314
7757
8322
9559
3647
7983
482
4145
3197
223
7130
2162
5536
451
1174
467
2045
1660
6293
6440
7254
25
6155
9511
4746
650
3187
8314
4475
8023
2169
4019
8788
9906
7959
7392
203
3626
6478
4415
9315
5825
9335
5875
4373
160
1834
8071
7488
8298
7519
8178
7774
2271
1764
2669
7193
3986
3103
8481
9214
7628
4803
4100
528
2626
1544
1925
1024
9973
3062
4182
1004
7433
7506
7594
2726
3032
8493
143
7223
1287
3065
7901
9188
8361
2414
975
4271
9171
236
834
9712
5761
8897
4668
7286
2551
141
3695
2696
1625
8020
2126
6577
1695
2659
6303
7372
2467
4679
2594
3852
5485
1019
8465
1120
3153
2801
8088
1061
1927
9011
4758
2171
316
9577
228
2044
2759
7165
5110
7883
7087
9566
3488
9578
4475
2626
5628
5630
1929
5424
8521
6903
4963
124
4597
3738
3262
196
2526
1265
8261
6203
8117
5031
327
9012
772
6412
5548
1154
1521
9791
4925
189
1764
4941
852
8663
3830
901
7714
8959
7579
8366
3008
1478
1201
6059
6440
2304
2761
9358
2325
6478
5109
1114
4888
9802
2851
4461
2429
2994
7385
9406
6541
1112
8705
2836
2357
6073
9351
8824
4486
557
3217
1627
9358
8527
3358
9338
3272
3870
9362
2897
3023
9618
113
2718
8697
1586
4042
4424
4130
4230
4566
6560
8933
2297
9856
2054
6963
3585
9735
6655
6973
1458
4370
2533
2964
2608
2484
912
1636
68
2849
4676
2939
2224
2143
3755
6512
2742
176
1460
7826
3222
7871
1627
1935
5206
1784
3851
7399
2280
2702
2194
2735
1638
6535
5557
1994
177
5706
6963
549
5882
301
4414
6642
9856
4856
3143
1463
7612
878
425
2679
1753
8444
8297
2674
41
9314
876
73
2819
611
1018
4933
8113
696
3170
3832
41
6489
8686
9091
9498
2590
5991
5146
9354
9315
8652
6741
2045
1259
336
8760
1193
7606
5265
2182
8504
3830
3776
609
9293
5998
7550
9557
5562
1628
6468
9542
6130
1241
7814
9175
602
6078
216
8684
8214
3993
5825
5602
3393
5760
2671
6429
8028
4085
76
8787
5499
4971
6288
3848
2605
504
1222
2664
5707
2364
9011
2172
7490
8241
2165
5543
7620
914
7592
6705
1819
9233
751
5206
4976
1540
304
1423
1099
1248
3585
3649
2972
7865
2914
1076
1546
8713
7547
8679
1770
5263
8520
3986
8290
5945
2866
8541
3246
5509
8319
7871
9602
8324
1133
4473
7153
5088
8571
9764
9902
7104
4424
3528
1601
6970
4016
5566
29
1544
5348
2089
2944
2638
2410
6464
5050
4682
1589
1343
609
2061
1222
1759
9955
889
4147
691
7950
2844
1431
5621
749
7068
4537
784
8036
2227
5186
7039
9854
5630
1225
5749
9924
3360
2258
4767
4945
4956
3319
2727
5412
1026
356
1002
2550
9497
8585
9516
7965
3343
8076
7914
6143
1197
1949
5073
427
4607
6174
4430
2405
6706
627
9813
9376
94
6566
6037
4737
9142
815
5995
8257
6653
3937
839
483
1356
1016
1132
8231
7842
4626
2012
2638
4187
9691
1651
5663
1635
894
354
1417
3453
4009
7263
2234
5455
6304
6635
6304
4257
149
1125
2318
4214
7110
4029
9201
1081
1319
6859
4051
4156
1362
5265
1904
3677
9644
6910
4903
3562
8490
4949
1283
3654
675
2221
5403
6924
3832
9370
3879
260
9009
2620
3972
4
1946
9782
6505
2393
2686
5314
6699
5590
2723
5939
9038
6411
1462
6235
2509
9962
3960
6494
1516
5270
4938
8870
59
4701
3972
6265
5118
6216
4556
7816
8331
3040
213
9289
8083
1955
6086
711
4485
4775
8381
9816
5952
6542
8116
1680
7111
5899
3074
789
3978
8133
9957
8690
6114
9
2942
5791
1724
1364
29
5185
4779
7201
5072
1886
1975
1072
1334
2868
6154
4296
2169
826
9677
5630
8651
2599
3310
4694
4687
81
117
2250
6668
1529
6680
7865
9422
8406
8827
6817
7517
7727
8667
9088
7682
9965
1341
5687
6022
1663
4722
6065
9310
416
7903
9874
7125
3942
2746
1763
8424
7532
4807
2269
9319
5603
1908
4308
3482
1013
1137
6631
4115
6810
4085
3557
2291
1294
42
9153
1055
5346
4709
249
7492
3713
5132
115
6440
7959
4723
9705
6996
1053
5270
7480
8239
6424
7919
867
7660
2499
8487
1197
7463
6634
2159
2023
1147
8393
3038
3926
648
9459
6603
808
4099
7831
9293
4601
7279
800
8353
449
3883
541
8316
4576
8763
9568
2337
8398
1419
9898
5829
3852
6817
4231
4450
6926
659
230
4521
941
9561
5148
5163
1656
676
793
2362
1755
6399
3147
8715
6947
1189
9570
8639
7664
5076
4516
1522
476
5616
529
3235
2571
906
9465
9558
8963
4162
525
2550
7470
331
1924
8351
4334
2926
911
9738
6337
8338
1279
2394
7637
715
8165
1592
9950
9136
2506
3338
5
6338
2624
8665
9971
5609
569
9282
7086
9153
8374
8653
8195
9877
3827
8397
7573
6250
4641
9175
8820
944
2612
1942
290
8420
5566
3806
7586
6217
1451
1616
2610
1065
9167
6894
6075
3510
301
9696
9574
5590
3162
1173
7969
7359
6032
6269
9427
8511
423
775
8780
911
3553
4183
5392
5496
5765
875
1365
4903
8256
4461
475
6973
6822
6123
5548
1578
9790
5606
196
7595
7951
6344
755
2482
1013
1673
3440
3429
5913
9763
5968
4409
4416
1909
7224
1760
6435
5205
9487
4320
959
5946
6807
8167
8701
1368
7693
1788
8533
557
975
3448
5022
8284
6223
9332
2377
8584
6949
2724
7983
2019
4777
9221
1112
2183
3857
9491
8926
4325
6487
9678
5970
1644
7535
5678
2669
1069
1992
2197
7784
6829
7728
9427
5872
698
7613
8704
1028
1409
5546
9509
7186
239
4238
6444
1314
2502
8851
5129
2112
3651
8150
1193
1455
5870
682
7466
268
7714
9794
8635
5473
973
2831
4902
8443
5178
3878
5771
703
4365
1382
6591
8824
2238
8024
2180
6596
170
2328
2043
1311
8183
1059
7927
9488
1671
2529
5652
2259
7214
9861
5784
1287
2743
8611
4473
7129
8435
5842
719
3504
4868
4866
939
1882
9258
2751
8615
8599
8459
2662
6064
2757
808
279
9490
9436
6366
2076
7587
1387
7834
8361
3331
6049
8929
9493
2434
3841
6767
1736
9811
1600
1838
1893
1983
7329
9353
1370
1245
1795
6609
9253
1648
7433
9536
7209
3265
3498
3244
7650
2016
6842
190
6101
9813
649
9524
9852
4475
8634
9892
7201
9855
9991
5698
4920
7781
2579
2932
2545
3341
3488
900
2526
8484
5539
7493
6194
8253
5012
1561
5835
1841
1498
2786
8530
1541
8806
8792
3393
3211
3550
1579
6980
972
9278
74
194
1621
1498
3827
1277
9791
6583
3579
1160
419
6490
160
3450
2925
9073
381
7009
7968
209
6478
8504
5371
2608
4197
2075
3723
2612
9020
8762
1057
2891
1164
6684
3717
9933
5453
2742
4955
6814
2863
397
5461
616
905
2600
137
4681
9199
7033
4388
2585
7241
3518
7007
8671
242
8883
5250
3524
1759
2106
9622
7096
7297
9917
5679
179
3580
5059
7578
2751
4008
3730
4082
2996
2679
4677
7754
900
1785
5566
3094
3609
6173
1244
9930
7515
169
5056
1192
5974
8923
6749
5652
987
2145
6447
1578
6518
4630
9917
5875
5792
5470
2913
8147
694
9092
9816
6950
6858
641
6053
237
8552
9488
1227
8163
6956
3184
8395
181
6098
3066
7066
2514
9262
2579
1079
6879
4141
4612
1948
2446
171
9976
3490
4751
6150
3334
3866
2215
7283
7008
7433
8897
6368
8523
4883
1811
7642
7232
2188
6706
6480
6322
6539
1352
9448
4209
9647
2277
5760
190
423
7667
8487
3456
2029
9615
4861
9254
1778
1349
2504
862
2432
9083
2456
4198
2107
8753
5822
7297
6282
6022
4456
5948
7125
8319
9136
1377
1775
9860
4999
2075
9254
6923
636
1644
8889
8154
3233
4748
8681
9927
5679
6451
4802
4962
4200
856
6364
5717
574
1562
3246
6474
8275
1551
4354
1182
4288
2700
8111
8644
7466
7173
2530
9982
2113
3477
4382
8248
6891
6672
8806
2373
33
3990
9321
3166
5432
9659
1294
7207
6579
6949
2207
7172
8167
3397
6698
1021
3695
5530
4789
110
7985
1970
8979
1618
4016
6627
3685
9169
7907
5929
2098
8119
4391
5200
1786
4487
9200
2421
711
8272
5814
7416
6086
319
3581
1332
7268
8388
3445
3187
4508
4361
7828
8075
6432
7153
272
269
4694
9886
338
1312
7605
2678
407
7769
9023
9414
5001
543
7538
39
1389
7356
3290
1648
3182
3094
6585
988
762
494
8218
9502
7483
9448
5666
754
2105
5085
9096
3526
222
3965
1782
4873
8107
3657
3344
2594
7081
6081
4869
1412
3714
969
3252
7217
2080
8769
7041
1532
2934
3780
664
2260
6654
7937
2096
4366
1875
7721
6836
5681
8977
8456
5726
4072
4809
3560
9157
5603
7833
7906
441
7376
1563
2886
1963
1081
1837
798
1203
509
81
5341
2077
9059
1494
7741
8547
475
4774
9098
8881
3336
1073
3401
708
2956
667
4142
3589
2482
7169
8316
9397
6226
1010
2013
8137
1456
8763
5044
743
22
7923
4513
9249
6019
7369
3718
9715
7651
3291
3336
2760
3170
1896
5304
2641
1980
4200
9106
4792
8662
8682
3653
8754
4034
2030
5988
7043
6254
84
1421
5815
2719
2245
1064
7230
653
8865
4770
471
5006
1048
1595
1488
4327
3277
1324
6541
7680
3991
2589
4711
9272
7946
9222
8471
184
3590
3956
4979
4780
5007
3263
136
3488
7197
9034
2089
2936
9780
5994
4791
4963
8966
1002
9106
1808
4568
2670
3135
2672
1458
2999
3546
3598
4219
8839
4845
7373
8564
1029
9265
8802
4724
3491
7605
1602
4228
1198
3693
9772
364
9302
2364
7722
3566
7422
3446
8611
496
6742
5023
1813
9152
3016
8056
3394
8739
5280
9883
1609
2655
3823
2708
4246
1339
145
2291
1340
3155
4605
4624
2226
79
1725
1982
2331
9734
8224
595
9131
8847
4988
9446
8806
8617
5751
490
7339
1964
8136
4698
2210
1631
3225
1909
6738
4475
1921
7373
294
3856
6735
9562
1057
7607
8185
7076
8383
4120
6742
433
4685
2780
2280
8284
668
837
4126
4119
2738
8029
2120
578
738
4092
557
2796
6061
1902
8794
3433
2137
4581
4876
5908
1185
8075
8720
6791
477
42
3352
8330
6291
2975
3073
3592
2190
5788
1491
3240
4894
3054
7064
682
5904
7006
4177
8480
1696
6140
2469
3999
1084
3640
9516
7622
9994
5827
5723
3839
4829
2582
4400
8979
1892
1024
6944
4835
4244
7350
2703
8708
503
5142
688
8347
5892
4638
8414
1401
2817
1691
3163
8936
9127
9411
9878
1383
6261
7190
6706
3875
2664
723
2196
2567
6361
6039
8589
7812
8246
9468
2426
6868
3190
543
3064
1548
503
9618
9100
5024
7227
1204
49
1052
1571
8637
9459
5968
8457
9406
1532
9963
6820
7976
557
7532
1496
8045
592
6804
3389
8916
7451
2320
6273
5792
9384
134
1776
4643
3570
8301
7955
2079
3586
2258
5334
894
491
104
4751
7234
723
4272
9612
8991
339
1642
3259
9048
2353
9659
480
5303
2684
8991
3
5569
4423
6896
6136
8009
2362
6743
2195
3700
3189
179
4043
1358
3942
1848
7470
6346
4381
1914
4965
5711
62
5386
74
7505
9463
2704
8103
1070
5155
3530
1553
2075
9150
3731
2245
845
3050
4119
4066
6364
9553
8774
8471
9732
6748
7512
5870
4399
499
7104
7353
5680
8054
3044
4523
1089
1564
5835
9851
7023
7241
1912
9493
5652
8581
5478
7617
9877
9179
5221
4616
2349
6799
2180
1636
6858
2884
1663
8903
8263
9421
9771
9023
9274
5842
2687
8889
3918
1718
1893
3699
1268
1750
66
390
6933
5620
6082
2004
9131
3029
8632
4590
3153
8631
9173
9865
6408
2296
5429
9682
8491
6611
6178
1072
5237
6460
644
6841
7634
7038
3894
2631
275
2994
8783
2204
7462
8291
9663
2308
998
1152
8424
8891
6718
6641
8704
5567
4884
3662
2660
8246
387
2652
2766
9602
6841
7210
1498
7284
9251
8059
8422
176
582
6788
3272
4288
8000
2505
4980
2139
701
531
2462
2119
206
7541
8829
4460
1623
4399
3761
7099
2936
482
615
9568
8494
8597
9162
7747
539
7671
539
1477
1556
4918
6372
6761
5753
3759
5434
2256
9066
727
2402
3035
2760
394
549
7274
8793
6194
2934
138
7104
3691
8212
3695
4669
2628
7499
990
5249
3880
1648
1150
932
670
876
5599
5450
5437
4600
124
1444
1732
8155
2862
4435
9386
3968
817
1394
6705
9867
954
309
8224
8685
793
2668
49
2470
3931
812
9815
6091
5428
3744
1605
600
6475
7196
507
5159
7590
9859
7810
7890
1448
41
3819
9365
7976
27
5090
2504
67
6413
6841
2571
4677
5396
8642
9987
7652
1110
8188
84
1086
3391
1251
8687
4756
1382
8129
5503
4278
863
6425
3566
3873
833
886
4429
6647
890
6479
884
4926
1266
1261
5046
779
5822
3856
2521
2928
4774
5135
7252
2676
3337
6335
1002
2738
9311
5975
7591
357
1072
2081
936
2146
7283
1826
8719
3574
4713
3038
4999
9906
7163
1718
8693
9540
8048
947
9104
232
4116
840
5859
830
2646
3395
7200
9646
4273
676
1863
2073
3774
2481
1239
6898
3543
9609
9204
3278
6126
135
1402
9079
8383
170
737
7479
7940
1139
8722
1427
664
1678
1576
6725
5982
7701
7962
8863
6003
8449
5096
685
4017
5138
9508
3994
1285
2945
260
822
7059
4644
7669
678
120
9858
3042
8892
5265
1624
6916
8073
7930
842
4716
7616
2537
4958
7760
701
3453
5094
4242
1830
2449
5228
1799
6225
325
2275
8134
2886
5039
2171
6863
2630
5085
1910
4879
6924
7086
9401
3025
4194
3106
9413
5766
5768
5408
678
3785
705
4791
9835
892
622
8086
7735
5191
543
7999
2087
2019
5622
425
2598
1377
4255
9670
8109
2928
2494
6069
6367
9103
2439
2601
820
4319
2291
4985
6340
2557
5809
4633
1479
6815
3788
7240
8075
5021
828
2555
1989
7442
6799
3643
9003
6322
105
3947
7057
8510
9834
7709
9762
6534
687
4805
6386
143
8843
7261
2162
1621
4344
9579
1188
114
3064
4592
5935
416
657
9762
5013
8412
1960
6252
8739
3371
6125
5508
8008
7585
952
3102
4490
4959
5442
1791
7014
413
4856
1061
7094
8473
5403
2677
3544
7374
6267
7652
5276
1529
533
762
5470
2504
2730
7108
7893
2452
7954
8393
2571
3520
9473
3408
2495
9506
8441
384
4263
1410
8608
8039
4361
5472
1172
655
9948
1515
4524
1230
490
6767
7888
9757
6633
7471
5740
667
8523
7284
8161
7554
4706
7092
1260
5387
1688
4630
43
8318
2046
2357
3389
5453
3155
467
1834
7761
6920
5632
6739
1268
5777
1099
4315
6321
3054
4008
6470
4217
9723
9843
9008
5464
6261
948
3794
8631
8718
3044
1377
5315
6627
7118
1335
621
4172
6793
8965
9155
8867
4694
665
3776
3001
2213
1101
7552
5477
6380
944
7878
3790
362
1386
8273
1435
5145
9562
5564
4505
2947
3889
309
2158
1431
5124
6465
4075
4347
3838
1982
5319
6612
6293
7592
3833
7124
6462
6992
1462
7331
8499
7370
7292
8401
4180
4118
2318
9915
1596
1442
5937
1868
7029
1454
7910
3974
7982
1504
6570
6817
1884
5368
5386
8403
5231
7158
8682
5568
8311
1867
3688
3172
3478
1246
2765
6239
7672
2048
6116
4593
7312
2658
1406
54
7172
581
2741
2531
3676
4321
5791
3378
999
6587
1605
4490
9632
9745
8389
6611
8719
6920
8260
5928
4610
8120
1480
2717
6301
1397
6854
1459
831
4594
807
9850
4855
4273
6161
2295
2055
6334
147
4230
472
429
560
2242
9422
2689
6367
2034
6686
2271
5330
2262
2861
2209
8983
2163
2507
6879
1980
1898
7888
6539
4470
784
7541
2796
7267
8634
3510
4558
2318
6135
2054
8136
2259
2594
7844
1694
6467
2952
8141
1095
2938
5175
2513
6098
9552
2696
1818
3493
1293
238
7531
614
5297
1711
2390
5629
5810
8787
1745
8841
8183
8570
6121
7394
6293
4963
4215
2528
6808
3195
8706
4714
7012
8914
6694
9665
6204
8996
7763
4382
6947
9910
1049
1769
6625
2512
7955
4236
1128
4634
8241
1863
5128
7578
3818
2341
143
5101
8401
6559
1477
3155
936
6431
5832
1296
3538
5624
7923
2928
8030
212
6212
1755
6881
2254
3294
1322
786
6529
444
1001
556
4672
9271
7453
9376
4632
3641
8935
8041
7987
8835
4249
1540
8766
2797
313
7263
5053
732
3988
4465
2558
4249
9557
171
5451
7183
7302
3294
4100
3333
9045
2332
76
1005
9051
5027
4067
1739
9802
9624
3844
442
3381
9696
7919
3660
1364
2629
6330
1089
8855
8614
4980
8570
667
7680
7578
7838
3403
3116
3293
1724
2873
9449
324
1154
5949
4396
5198
4509
2909
7412
3994
7666
6782
3203
7611
4829
7257
7706
8966
8024
770
1716
254
1806
3685
9479
2146
1841
834
9286
6901
969
3995
6634
3886
349
8282
8033
6257
9911
873
8983
3902
2307
636
7861
2472
9528
7138
8344
9769
8234
3996
9172
7604
8943
8012
7880
1035
4513
4594
531
4162
3235
259
1927
5907
5192
4444
6189
228
2720
6485
5225
9094
436
3225
8095
3583
8868
8628
2006
1147
2687
6590
541
8238
2851
8760
9579
8957
2678
2404
8043
6301
5812
5226
1144
1596
1017
6616
8805
1007
8369
1642
336
699
1326
8314
8024
2313
4619
8458
8397
8340
1087
2095
7847
7044
1523
2912
6281
3456
6359
6848
8871
991
3874
4328
3414
3455
1897
2473
4451
7242
4642
5647
3526
8214
6825
7930
8696
5404
2595
7994
6068
2188
4641
5080
42
8126
2535
4861
3001
4908
2622
7693
5294
5118
7718
404
3944
7894
640
9012
6926
4029
9979
749
2851
2893
6445
655
3624
4354
2037
1548
1347
827
6062
3905
239
7572
6887
6406
5300
2057
1729
1268
3752
2020
9992
8167
5718
5847
7094
3188
1422
2913
6868
8300
2445
9898
1202
3329
4943
7105
1769
9769
6642
6297
1263
721
1245
7919
9626
1220
7585
8175
985
460
3150
7015
5696
2504
5033
3852
1538
6815
8364
4652
1220
4291
5918
1684
1919
6585
7253
3587
1270
6249
2138
2398
425
3169
28
8149
1994
383
9272
7670
894
878
1015
9105
485
2944
1496
6812
1294
8893
6799
1991
1300
4891
8494
9075
1550
3775
9315
174
4070
9219
6866
6834
5239
9912
3253
6464
6509
5150
3089
2246
6232
1921
107
9272
2369
6422
5259
4158
9648
4983
8239
4123
7724
907
8707
190
1157
346
2352
6924
7119
1551
2098
1837
592
3407
4511
5814
4652
5881
7845
4744
7742
1246
4579
4950
1706
4515
9786
9228
8625
7205
8357
3918
6228
556
103
4287
9469
1699
8980
1412
2490
759
3491
776
8411
7133
7090
7297
1951
3113
123
2530
7673
5837
8278
5554
3977
671
9086
2653
1752
398
9752
9002
436
6694
5073
7917
6717
5329
1512
2126
1839
7297
8940
1545
1057
2827
2903
6759
4589
2022
2587
4109
9778
2629
1980
6948
2550
1281
3246
5129
4063
427
4720
678
9092
4048
3786
3232
7407
8685
1955
6770
4710
7957
2422
5946
3466
6017
1861
6498
8336
5191
5678
8050
1006
7887
3389
8676
3144
7378
131
8488
6556
2483
5254
5001
7755
290
2489
5216
2009
1311
941
7800
2998
9708
8455
305
8238
486
2500
793
9614
2613
8683
2984
5352
6130
7138
5034
6601
1865
3684
1858
8969
1711
1969
1709
2642
7733
2438
1685
2500
2702
9870
8584
9257
9693
7641
2088
5013
3811
5821
4836
1664
616
5898
8678
2775
135
7554
9534
8879
2287
5625
2735
8076
5350
713
6985
625
7793
6505
8823
4056
8914
463
4474
85
4161
1123
6054
9398
1823
9751
1338
3918
4007
4932
2198
7506
9237
358
6600
8291
1899
986
1448
1085
593
8726
8997
9856
4829
5339
7343
4429
9796
743
38
5507
6768
5054
9794
8506
4147
3610
3925
9855
9466
2240
6207
4210
5493
6500
8176
1037
3062
3648
5619
5014
6728
5713
7897
1910
7842
131
9091
9035
7916
6287
3524
667
1345
2737
2038
5417
5894
1950
972
845
2778
9286
6201
4591
286
8326
7119
5669
7
9730
4009
4542
226
5537
1981
717
471
5385
8748
329
7937
6205
701
7524
6365
1412
6041
251
1505
3484
1767
6142
2671
846
507
9089
3257
5108
8267
5858
2679
4200
2675
4156
5192
8991
9833
859
997
8918
8291
3968
1708
8235
8247
1463
9403
8240
3427
9096
907
8315
351
4587
5280
7777
5823
6880
2302
5813
5677
3165
7358
2571
6039
4313
145
6562
8181
8201
644
1857
8062
2648
5940
9809
9291
7453
980
2619
1420
4008
2285
4548
9978
5676
8614
8710
3372
8643
6340
6337
2622
1502
6035
8130
1359
1437
8470
2898
8505
4799
4203
3106
1239
5033
66
2517
4482
5580
9024
1728
1772
1314
383
6141
4817
8489
5320
5590
5514
8260
852
2272
3284
4365
7039
3013
3185
1760
3502
9575
8734
5060
7715
7650
6596
8523
4542
417
5378
1053
566
9892
139
3311
968
5056
3788
7225
8223
6440
7442
6649
6805
7835
9369
1442
8873
2669
9975
9177
5138
634
3242
5746
8019
1016
2975
9253
847
8957
5525
6967
5582
8145
2241
9335
5297
1877
5028
1206
2019
4292
1642
3466
6192
2472
6260
3701
218
2017
1944
4625
7065
1506
1158
1503
7667
9276
2047
7633
9790
6047
2146
6004
3153
1902
8327
9154
1185
9650
351
406
4347
1026
8971
4337
4796
9794
1324
5533
8857
5897
3211
7777
5693
4551
5291
3796
3853
7351
8316
37
9362
3761
9985
8730
2535
6051
8083
6807
1937
5585
791
1618
9183
9067
3117
6389
9426
3102
5611
6451
9983
8622
5194
7039
6755
4594
4896
281
5639
5168
7421
4346
6884
3866
4697
834
391
2633
190
7840
184
3818
2130
6754
680
8614
601
8253
5146
9862
2152
8319
8964
7814
4908
9555
1477
618
1212
5430
2265
5967
9532
9943
699
9523
1156
7588
5258
3159
4465
3763
8511
947
1066
8381
3166
5947
3541
7298
8043
4465
3195
2585
271
2716
2201
1207
2107
1303
4697
8834
7612
9068
416
6646
176
6355
3449
4920
3080
7989
6322
7593
1598
2198
3510
8653
72
659
4123
6860
7998
1000
1900
4121
1321
2037
6985
4913
1916
3954
9486
742
200
1568
4209
6845
170
9682
4880
1109
7208
5260
5707
3850
4076
8027
125
7608
7775
2885
129
4547
3146
482
1715
150
4169
3339
308
6794
3505
1106
1698
8218
5956
6642
2344
6134
2098
680
737
9556
5634
1955
931
253
9905
280
2489
4871
1755
6073
2177
6702
5416
8087
4232
7481
9976
261
515
8939
6658
4991
9439
8982
5448
5243
4619
6071
5632
4062
7220
8782
991
2834
8673
1564
1303
503
6929
722
4899
1448
946
8407
2223
8687
5795
3578
2845
8684
1548
3241
486
6465
1724
338
6654
7169
8131
5256
1467
4859
2513
9657
3319
3202
143
1277
1507
2703
685
5024
271
6313
8251
3476
312
6851
9196
5489
1521
6102
184
4799
7893
8849
6785
246
2188
4463
8344
8259
6860
8872
4017
8173
2833
4442
7684
6089
2016
3977
8517
8299
40
1284
3206
8468
9147
5770
3676
918
9388
5021
6031
7443
1736
2390
374
3481
2074
778
787
8382
1786
523
8346
980
6086
5714
936
9736
884
2187
6097
649
2086
4753
522
9261
1983
6637
7689
9920
7237
6793
7066
9279
4199
1497
6387
1012
977
7548
2122
3203
7246
6703
8565
1540
2573
2258
2371
1921
1655
9360
1081
7299
3392
3961
511
9592
5868
2034
1676
2137
500
7776
5791
4377
1257
273
704
5087
968
9516
3543
3496
3567
8457
4187
8438
9199
2627
8365
1086
1666
8909
341
1361
2815
1155
8013
9753
3339
8707
2526
631
9250
3180
3080
8314
8839
2518
8422
4146
5992
1970
1840
4309
6566
3763
9474
3682
1971
3148
7054
2709
6509
6716
4430
1067
7690
4664
1772
5542
6260
8632
3573
2515
967
5989
8171
8169
2200
656
3851
3445
2937
6279
9407
9428
314
7524
2372
3328
7074
3462
2174
9935
1103
5588
1418
1464
6154
6127
596
1496
9214
2407
7371
3860
3306
2497
4834
4224
4853
7880
520
6127
7794
1586
1466
1372
5445
7108
7272
4088
8100
6520
8597
5716
7553
2493
4754
8258
7591
4960
3358
887
7810
5866
5687
2020
260
2314
2436
1029
4102
469
2870
457
6732
7579
6075
1396
844
1275
3317
5025
512
8586
5723
8972
58
4096
8175
5039
2184
6659
7296
5723
6984
6232
9504
2233
4301
5591
1481
7409
5506
2703
2859
9819
558
5562
4121
5029
3657
5714
3333
3093
7183
6468
1321
7359
1075
3988
9095
4984
1365
7265
9715
6747
4391
426
6256
3164
1468
5793
4232
2620
2881
4719
6129
9949
4721
9080
2092
3767
7588
5809
2127
4826
1160
7519
3221
36
1315
5457
4148
9157
135
3361
752
6209
1479
2295
2590
7525
7977
9695
4091
190
9373
7420
302
1703
4845
524
6540
610
1828
6638
8187
7417
1828
5170
7624
4900
2515
416
3645
5437
3670
379
1677
7859
7953
9847
7138
5916
2989
4617
7289
2383
8075
334
3916
1057
5657
63
9617
4525
2130
7443
1985
4873
7050
3397
8027
8583
203
8776
5417
666
4553
8760
2756
1418
2845
3555
9444
6825
2000
8423
122
5734
1414
9918
5794
1874
2061
1176
9075
5986
2502
1623
3209
7396
1027
6721
6292
1989
930
9073
978
194
9
2255
923
877
5138
817
3804
1091
7913
2290
7254
9980
7300
2323
2903
7603
6370
655
2730
9735
2439
2275
5227
6464
8135
2973
4349
6454
9504
2308
5519
8334
7438
696
3180
662
3145
7660
962
1908
6577
3473
646
3593
2973
629
4197
6812
5536
5836
1230
3717
3533
4957
6159
9750
4621
3297
9725
3121
4527
6407
8984
3446
575
1692
6589
539
665
8105
878
354
2943
7005
624
4853
5626
7612
7843
8725
1150
136
3591
147
7329
3856
7805
1742
6910
9382
2780
9103
84
693
533
7313
6100
6162
1048
2406
5291
7570
9960
2629
2140
1229
7581
2472
1779
7441
8457
2149
9445
4746
6126
7211
4699
5617
1181
4816
6065
6227
9473
7480
9594
2483
3006
8537
5334
1106
7588
733
5639
1166
1065
4519
8400
5033
7509
3897
3439
3979
2639
8246
4060
4170
745
7363
4770
1050
6519
6468
559
2144
3062
5604
9191
2187
1227
3604
7005
1301
1769
424
1348
5397
4567
5231
1666
6153
2001
3618
9174
787
669
1598
1580
6225
7729
6261
2159
3426
3268
9313
735
453
5170
9563
1571
8212
9236
6891
1712
2065
4751
8961
7546
4768
1755
788
8218
4566
9943
2089
274
2816
7580
838
9389
9270
1887
3831
810
4641
7322
8320
9882
1627
3021
1412
455
5894
1985
2358
3000
337
8830
5951
1458
2406
366
2335
50
9095
8593
1271
120
3018
9314
5254
6118
4978
9161
1506
154
4592
6563
3577
4855
73
1135
3017
5051
9194
1946
1853
748
2522
8062
6345
260
8367
2886
4440
2719
9108
5269
3555
2051
7433
3800
2021
6736
1099
2793
3917
6183
9030
5317
3060
3759
4584
2400
1136
8358
71
5272
2343
7781
3878
407
8296
7687
2404
8253
5719
3036
7286
8429
6679
5961
102
950
2365
6386
7627
7158
2738
4842
8939
1594
7097
1034
4494
9769
7874
9936
9110
97
382
1562
5740
5585
5924
8500
6732
1850
5443
8607
6851
8288
6041
2770
9224
1589
6468
2084
3401
1159
5607
6939
9464
921
8367
5759
9686
9024
230
9299
9357
5471
3176
4197
1684
9989
7620
2947
2191
8276
2470
5520
