Version 0.9.7
4
 4 68 341 77 128 0 1
 5 151 541 206 81 2 2
 0 152 260 877 276 8 3
 6 293 124 449 130 140 4
 1
30
 255 5 309 151 309 151 101 151 101 355 129 355 129 355 0 4 0 1
 65793 5 205 508 205 508 129 508 129 508 129 454 129 454 0 3 0 1
 65793 5 621 469 621 469 621 469 621 508 621 508 621 508 0 3 0 3
 255 5 129 368 129 368 129 245 205 245 205 287 205 287 0 1 0 3
 255 5 387 430 387 430 387 436 231 436 231 430 231 430 0 3 0 3
 255 5 530 326 530 326 530 326 530 287 530 287 530 287 0 3 0 3
 0 5 452 378 452 378 452 378 452 417 452 417 452 417 0 3 0 3
 0 5 452 469 452 469 452 469 452 508 452 508 452 508 0 3 0 3
 255 5 231 417 231 417 231 417 231 378 231 378 231 378 0 3 0 3
 255 5 231 326 231 326 231 326 231 287 231 287 231 287 0 3 0 3
 8421376 5 400 365 400 365 400 386 530 386 530 430 530 430 0 3 0 3
 8421376 5 413 365 413 365 413 401 543 401 543 430 543 430 0 3 0 3
 8421376 5 374 365 374 365 374 422 595 422 595 430 595 430 0 3 0 3
 255 5 166 552 166 552 91 552 91 381 129 381 129 381 0 2 0 1
 8421376 5 608 430 608 430 608 448 353 448 353 365 361 365 0 3 0 3
 0 5 129 441 129 441 129 610 129 610 166 610 166 610 0 1 0 2
 0 5 387 365 387 365 387 351 452 351 452 365 452 365 0 3 0 3
 33023 5 361 352 361 352 321 352 321 430 335 430 335 430 0 3 0 3
 0 5 348 469 348 469 348 469 348 508 348 508 348 508 0 3 0 3
 0 5 361 469 361 469 361 469 361 508 361 508 361 508 0 3 0 3
 0 5 413 469 413 469 413 469 413 508 413 508 413 508 0 3 0 3
 0 5 400 469 400 469 400 469 400 508 400 508 400 508 0 3 0 3
 16744703 5 335 365 335 365 298 365 298 552 324 552 324 552 0 3 0 2
 16744448 5 569 365 569 365 569 342 318 342 318 247 330 247 0 3 0 4
 16744448 5 582 365 582 365 582 334 333 334 333 247 343 247 0 3 0 4
 16744448 5 595 365 595 365 595 325 347 325 347 247 356 247 0 3 0 4
 16744448 5 608 365 608 365 608 320 358 320 358 247 369 247 0 3 0 4
 16744448 5 621 365 621 365 621 316 366 316 366 247 382 247 0 3 0 4
 16744448 5 543 365 461 365 461 298 395 298 395 247 395 247 0 3 0 4
 16744448 5 556 365 556 358 472 358 472 247 408 247 408 247 0 3 0 4
2
 7047 1 16 524 378 5 0 0 980 3
 7090 1 14 329 378 5 0 0 980 3
