Version 0.9.7
6
 4 4 175 77 128 0 1
 5 80 400 206 81 2 2
 0 152 123 877 276 8 3
 3 159 51 203 58 140 4
 1 251 425 206 81 149 5
 1 520 422 206 81 159 6
 0
42
 255 5 65 189 65 189 65 150 65 150 205 150 205 150 0 1 0 3
 0 5 65 288 65 288 45 288 45 371 205 371 205 371 0 1 0 3
 0 5 170 88 170 88 57 88 57 251 65 251 65 249 0 4 0 1
 255 5 266 436 266 436 135 436 135 202 65 202 65 202 0 5 0 1
 255 5 535 433 535 397 122 397 122 215 65 215 65 215 0 6 0 1
 65793 5 266 494 266 494 94 494 94 262 65 262 65 262 0 5 0 1
 65793 5 535 491 535 522 109 522 109 275 65 275 65 275 0 6 0 1
 255 5 257 189 257 189 257 189 257 150 257 150 257 150 0 3 0 3
 255 5 374 189 374 189 374 189 374 150 374 150 374 150 0 3 0 3
 255 5 491 189 491 189 491 189 491 150 491 150 491 150 0 3 0 3
 255 5 608 189 608 189 608 189 608 150 608 150 608 150 0 3 0 3
 255 5 725 189 725 189 725 189 725 150 725 150 725 150 0 3 0 3
 0 5 335 332 335 332 335 332 335 371 335 371 335 371 0 3 0 3
 0 5 452 332 452 332 452 332 452 371 452 371 452 371 0 3 0 3
 0 5 569 332 569 332 569 332 569 371 569 371 569 371 0 3 0 3
 0 5 686 332 686 332 686 332 686 371 686 371 686 371 0 3 0 3
 0 5 803 332 803 332 803 332 803 371 803 371 803 371 0 3 0 3
 8454016 5 257 332 257 332 257 422 307 422 307 436 307 436 0 3 0 5
 8454016 5 326 436 326 414 276 414 276 332 270 332 270 332 0 5 0 3
 8454016 5 283 293 283 293 283 293 348 293 348 293 348 293 0 3 0 3
 8454016 5 348 280 348 280 348 280 348 241 348 241 348 241 0 3 0 3
 8454016 5 348 189 344 189 344 122 205 122 205 95 205 95 0 3 0 4
 16744448 5 345 436 351 436 351 334 374 334 374 332 374 332 0 5 0 3
 16744448 5 387 332 386 332 386 387 364 387 364 436 364 436 0 3 0 5
 16744448 5 400 293 400 293 400 293 465 293 465 293 465 293 0 3 0 3
 16744448 5 465 280 465 280 465 280 465 241 465 241 465 241 0 3 0 3
 16744448 5 465 189 398 189 398 114 225 114 225 95 225 95 0 3 0 4
 65535 5 383 436 383 403 465 403 465 332 491 332 491 332 0 5 0 3
 65535 5 402 436 402 412 498 412 498 332 504 332 504 332 0 5 0 3
 65535 5 517 293 517 293 517 293 582 293 582 293 582 293 0 3 0 3
 65535 5 582 280 582 280 582 280 582 241 582 241 582 241 0 3 0 3
 65535 5 582 189 476 189 476 106 245 106 245 95 245 95 0 3 0 4
 33023 5 725 332 725 332 698 332 698 433 690 433 690 433 0 3 0 6
 33023 5 709 433 709 433 729 433 729 332 738 332 738 332 0 6 0 3
 33023 5 751 293 751 293 751 293 816 293 816 293 816 293 0 3 0 3
 33023 5 816 280 816 280 816 280 816 241 816 241 816 241 0 3 0 3
 33023 5 816 189 816 189 816 87 285 87 285 95 285 95 0 3 0 4
 16711808 5 699 189 699 189 699 100 265 100 265 95 265 95 0 3 0 4
 16711808 5 608 293 608 293 608 293 699 293 699 293 699 293 0 3 0 3
 16711808 5 699 241 699 241 699 241 699 280 699 280 699 280 0 3 0 3
 16711808 5 634 332 634 332 650 332 650 433 652 433 652 433 0 3 0 6
 16711808 5 621 332 621 332 630 332 630 433 633 433 633 433 0 3 0 6
5
 7008 1 14 251 241 5 0 0 0 3
 7032 1 14 368 241 5 0 0 12488 3
 7000 1 14 485 241 5 0 0 12488 3
 7086 1 14 719 241 5 0 0 12488 3
 7002 1 14 602 241 5 0 0 12488 3
