Version 0.9.7
5
 4 10 175 77 128 0 1
 5 80 400 206 81 2 2
 0 124 132 877 276 8 3
 1 190 421 206 81 140 4
 3 168 69 203 58 150 5
 0
28
 0 5 205 490 205 490 63 490 63 288 71 288 71 288 0 4 0 1
 0 5 179 106 179 106 58 106 58 249 71 249 71 249 0 5 0 1
 0 5 71 262 83 262 83 388 177 388 177 380 177 380 0 1 0 3
 255 5 71 189 71 189 71 161 177 161 177 159 177 159 0 1 0 3
 255 5 205 432 205 432 91 432 91 202 71 202 71 202 0 4 0 1
 255 5 203 198 203 198 203 198 203 159 203 159 203 159 0 3 0 3
 0 5 281 341 281 341 281 341 281 380 281 380 281 380 0 3 0 3
 4227072 5 265 432 241 432 241 352 229 352 229 341 229 341 0 4 0 3
 255 5 372 198 372 198 372 198 372 159 372 159 372 159 0 3 0 3
 0 5 450 341 450 341 450 341 450 380 450 380 450 380 0 3 0 3
 4227072 5 246 432 246 432 191 432 191 328 203 328 203 328 0 4 0 3
 12615680 5 242 341 242 341 242 349 385 349 385 341 385 341 0 3 0 3
 12615680 5 216 328 216 328 216 321 411 321 411 328 411 328 0 3 0 3
 255 5 515 198 515 198 515 198 515 159 515 159 515 159 0 3 0 3
 0 5 593 341 593 341 593 341 593 380 593 380 593 380 0 3 0 3
 33023 5 398 341 398 341 398 347 515 347 515 341 515 341 0 3 0 3
 33023 5 437 328 437 328 437 360 528 360 528 341 528 341 0 3 0 3
 12615680 5 216 315 216 315 216 296 354 296 354 237 385 237 0 3 0 3
 12615680 5 242 315 242 303 395 303 395 237 398 237 398 237 0 3 0 3
 255 5 632 198 632 198 632 198 632 159 632 159 632 159 0 3 0 3
 65793 5 710 341 710 341 710 341 710 380 710 380 710 380 0 3 0 3
 65535 5 541 341 541 341 541 356 632 356 632 341 632 341 0 3 0 3
 65535 5 411 237 411 237 411 240 613 240 613 341 645 341 0 3 0 3
 65535 5 658 302 658 302 658 302 723 302 723 302 723 302 0 3 0 3
 65535 5 723 289 723 289 723 289 723 250 723 250 723 250 0 3 0 3
 65535 5 723 198 723 198 723 132 354 132 354 113 354 113 0 3 0 5
 4227072 5 203 315 203 315 203 337 372 337 372 341 372 341 0 3 0 3
 4227072 5 229 328 229 328 229 310 424 310 424 328 424 328 0 3 0 3
4
 7004 1 14 197 250 5 0 0 0 3
 7008 1 14 366 250 5 0 0 12488 3
 7032 1 14 509 250 5 0 0 0 3
 7032 1 14 626 250 5 0 0 12488 3
