

prueba 1
                    8    9 10 11 12 13 14  15		 
DI	1   0   1   0   0   0   1   0       A2

	0   1   2   3   4   5   6   7
A	0   0   1   0   0   0   1   1        23
	
	16
WD	0

prueba 2
	8    9 10 11 12 13 14  15	
DI	1   0   1   0   0   0   1   0    

	0   1   2   3   4   5   6   7
A	0   0   1   0   0   0   1   1         23

	16
WD	1

prueba 3
	8    9 10 11 12 13 14  15	
DI	0   0   0   1   0   0   1   1

	0   1   2   3   4   5   6   7
A	0   0   1   0   0   1   0   0         24

	16
WD	0

prueba 4
	8    9 10 11 12 13 14  15	
DI	0   0   0   1   0   0   1   1

	0   1   2   3   4   5   6   7
A	0   0   1   0   0   1   0   0           24

	16
WD	1

prueba 5
	8    9 10 11 12 13 14  15	
DI	1   0   0   1   1   0   0   0           98

	0   1   2   3   4   5   6   7            
A	0   0   1   0   0   1   0   1             25

	16
WD	0

prueba 6
	8    9 10 11 12 13 14  15         	
DI	1   0   0   1   1   0   0   0          98

	0   1   2   3   4   5   6   7
A	0   0   1   0   0   1   0   1             25

	16
WD	1

prueba 7
	8    9 10 11 12 13 14  15	
DI	0   0   1   0   0   1   0   1                45

	0   1   2   3   4   5   6   7
A	0   0   1   0   0   1   1   0                  26

	16
WD	0

prueba 8
	8    9 10 11 12 13 14  15	
DI	0   0   1   0   0   1   0   1                 45

	0   1   2   3   4   5   6   7
A	0   0   1   0   0   1   1   0                26

	16
WD	1

prueba 9
	8    9 10 11 12 13 14  15 	
DI	0   0   1   1   0   0   1   0             32

	0   1   2   3   4   5   6   7
A	0   0   1   0   0   0   1   1               23

	16
WD	0

prueba 10
	8    9 10 11 12 13 14  15	
DI	0   0   1   1   0   0   1   0              32

	0   1   2   3   4   5   6   7
A	0   0   1   0   0   1   0   0             24

	16
WD	0

prueba 11
	8    9 10 11 12 13 14  15	
DI	0   0   1   1   0   0   1   0                          32

	0   1   2   3   4   5   6   7
A	0   0   1   0   0   1   0   1             25

	16
WD	0

prueba 12
	8    9 10 11 12 13 14  15	
DI	0   0   1   1   0   0   1   0

	0   1   2   3   4   5   6   7
A	0   0   1   0   0   1   1   0                       26

	16
WD	0