3
4
5
9
22
23
25
27
29
30
33
38
39
41
42
43
44
45
49
50
54
55
56
59
62
66
67
68
73
74
74
76
79
81
81
84
94
104
107
110
113
115
117
124
124
134
136
137
138
141
143
143
145
146
149
154
160
160
169
170
171
176
176
177
179
179
181
184
189
190
190
192
194
194
196
196
203
206
209
213
216
222
223
228
230
236
237
239
242
249
260
268
269
272
275
279
286
289
290
292
293
294
301
301
304
304
309
316
319
323
327
329
331
334
336
338
339
354
356
364
381
384
387
390
394
397
407
416
417
419
423
423
425
427
433
441
449
451
467
468
471
473
475
475
476
477
480
482
482
483
486
490
491
492
494
496
499
503
503
504
507
509
524
525
528
529
531
538
539
539
541
543
543
549
549
556
557
557
557
557
569
574
578
581
582
586
592
595
600
601
602
609
609
611
615
616
627
636
641
644
648
649
650
653
659
664
667
668
670
672
675
676
682
682
688
691
694
696
698
701
703
708
711
711
713
715
719
723
723
727
738
743
749
751
754
755
762
772
775
779
784
789
793
793
798
799
800
808
808
809
812
815
817
826
834
837
837
839
845
852
856
862
867
875
876
876
878
889
894
894
900
900
901
901
905
906
911
911
912
913
914
932
933
939
941
944
946
954
959
969
972
973
975
975
987
988
990
998
1002
1002
1004
1004
1009
1010
1013
1013
1016
1018
1019
1021
1021
1024
1024
1026
1028
1029
1048
1052
1053
1055
1057
1057
1059
1061
1064
1065
1069
1070
1072
1072
1073
1076
1079
1081
1081
1084
1089
1099
1102
1108
1112
1112
1114
1116
1120
1125
1132
1133
1137
1147
1150
1151
1152
1154
1160
1164
1173
1174
1182
1185
1186
1189
1192
1193
1193
1197
1197
1198
1201
1203
1204
1222
1222
1225
1227
1241
1244
1245
1248
1259
1265
1268
1277
1279
1283
1287
1287
1294
1294
1311
1312
1314
1317
1319
1323
1324
1324
1330
1332
1334
1338
1339
1340
1341
1343
1349
1352
1356
1358
1362
1364
1365
1368
1370
1377
1382
1383
1387
1389
1394
1401
1409
1412
1417
1417
1419
1421
1423
1426
1427
1431
1444
1448
1451
1455
1456
1458
1458
1460
1462
1463
1477
1478
1479
1488
1491
1494
1496
1498
1498
1498
1512
1516
1521
1522
1529
1532
1532
1539
1539
1540
1541
1544
1544
1546
1548
1549
1551
1553
1556
1557
1561
1562
1563
1564
1571
1578
1578
1579
1586
1588
1589
1592
1595
1600
1601
1602
1605
1609
1616
1618
1621
1623
1625
1627
1627
1628
1631
1635
1636
1636
1638
1642
1644
1644
1648
1648
1648
1651
1656
1656
1660
1663
1663
1671
1673
1674
1680
1691
1695
1696
1702
1718
1719
1724
1725
1725
1727
1732
1736
1750
1753
1755
1759
1759
1760
1763
1764
1764
1770
1775
1776
1778
1782
1784
1785
1786
1788
1795
1808
1811
1813
1819
1833
1834
1837
1838
1841
1841
1843
1848
1870
1875
1882
1882
1886
1892
1893
1893
1896
1902
1904
1908
1909
1909
1912
1914
1921
1924
1925
1927
1929
1935
1942
1943
1946
1948
1949
1955
1963
1964
1970
1975
1980
1982
1983
1992
1994
1999
2000
2004
2012
2013
2016
2019
2023
2029
2030
2043
2044
2045
2045
2053
2054
2061
2075
2075
2075
2076
2077
2079
2080
2083
2089
2089
2096
2098
2105
2106
2107
2112
2113
2119
2120
2126
2137
2139
2143
2145
2155
2159
2162
2165
2169
2169
2171
2172
2180
2180
2182
2183
2188
2190
2191
2194
2195
2196
2197
2204
2207
2210
2210
2215
2221
2224
2226
2227
2234
2238
2245
2245
2250
2256
2258
2258
2259
2260
2264
2269
2271
2277
2280
2280
2288
2291
2291
2293
2296
2297
2304
2307
2308
2317
2318
2320
2325
2328
2331
2337
2349
2353
2356
2357
2362
2362
2364
2364
2369
2373
2377
2383
2387
2392
2393
2394
2402
2405
2410
2414
2421
2422
2424
2426
2429
2432
2434
2440
2446
2456
2456
2462
2467
2469
2470
2482
2482
2484
2484
2499
2502
2504
2504
2505
2506
2509
2511
2514
2526
2526
2529
2530
2530
2533
2545
2550
2550
2550
2551
2567
2571
2571
2579
2579
2582
2585
2589
2590
2592
2594
2594
2599
2600
2601
2605
2608
2608
2610
2610
2612
2612
2620
2624
2624
2626
2626
2628
2631
2635
2638
2638
2641
2647
2649
2652
2655
2659
2660
2662
2663
2664
2664
2668
2669
2669
2670
2671
2672
2674
2678
2679
2679
2684
2686
2687
2696
2700
2702
2703
2703
2704
2705
2708
2718
2719
2723
2724
2726
2727
2735
2738
2742
2742
2743
2746
2751
2751
2757
2758
2759
2760
2760
2761
2766
2780
2786
2796
2799
2801
2814
2817
2819
2831
2836
2844
2849
2851
2860
2862
2863
2866
2868
2884
2886
2889
2891
2897
2913
2914
2925
2926
2930
2932
2934
2934
2936
2936
2939
2942
2944
2950
2956
2964
2972
2975
2994
2994
2996
2996
2999
3008
3016
3023
3029
3031
3032
3035
3036
3038
3040
3044
3050
3054
3062
3064
3065
3066
3073
3074
3094
3094
3094
3103
3135
3143
3147
3153
3153
3155
3162
3163
3166
3170
3170
3182
3184
3187
3187
3189
3190
3196
3196
3197
3200
3211
3217
3222
3225
3233
3235
3240
3244
3246
3246
3252
3259
3262
3263
3265
3272
3272
3277
3282
3290
3291
3291
3298
3310
3319
3331
3334
3336
3336
3338
3341
3343
3344
3352
3358
3360
3389
3393
3393
3394
3397
3401
3402
3429
3431
3433
3435
3440
3445
3446
3448
3450
3453
3456
3459
3477
3482
3488
3488
3488
3490
3491
3498
3504
3510
3518
3524
3526
3528
3530
3546
3549
3550
3553
3557
3558
3560
3562
3566
3570
3579
3580
3581
3585
3585
3586
3589
3590
3592
3598
3603
3609
3623
3626
3640
3647
3649
3651
3653
3654
3656
3657
3662
3677
3685
3691
3693
3695
3695
3695
3699
3700
3713
3714
3717
3718
3723
3729
3730
3731
3738
3744
3754
3755
3758
3759
3761
3776
3780
3789
3806
3806
3812
3819
3823
3827
3827
3830
3830
3832
3832
3839
3841
3845
3848
3851
3852
3852
3856
3857
3866
3870
3875
3878
3879
3880
3883
3894
3903
3918
3926
3931
3932
3937
3942
3942
3956
3960
3965
3967
3968
3972
3972
3978
3978
3986
3986
3987
3990
3991
3993
3999
4008
4009
4016
4016
4019
4022
4029
4032
4034
4042
4042
4043
4051
4066
4072
4082
4085
4085
4085
4092
4099
4100
4115
4119
4119
4120
4126
4130
4141
4142
4145
4147
4156
4162
4170
4177
4180
4182
4183
4183
4187
4197
4198
4200
4200
4209
4214
4219
4222
4228
4230
4231
4238
4244
4246
4257
4271
4272
4273
4288
4288
4296
4308
4310
4311
4314
4314
4320
4325
4327
4334
4344
4351
4354
4356
4361
4365
4366
4370
4371
4373
4381
4382
4388
4390
4391
4394
4399
4399
4400
4409
4414
4415
4416
4423
4424
4424
4430
4435
4450
4456
4460
4461
4461
4465
4473
4473
4475
4475
4475
4475
4485
4485
4486
4487
4489
4508
4513
4516
4521
4523
4537
4556
4566
4568
4576
4581
4590
4597
4597
4600
4601
4605
4605
4607
4612
4616
4624
4626
4627
4630
4638
4640
4641
4643
4649
4665
4668
4669
4676
4677
4677
4679
4681
4682
4685
4687
4689
4694
4694
4698
4701
4709
4711
4722
4723
4724
4735
4737
4746
4748
4751
4751
4758
4767
4768
4770
4772
4774
4775
4777
4779
4780
4789
4791
4792
4799
4802
4803
4807
4809
4828
4829
4834
4835
4845
4856
4861
4866
4868
4869
4873
4876
4883
4884
4887
4888
4894
4894
4902
4903
4903
4918
4920
4925
4933
4938
4941
4945
4946
4947
4949
4955
4956
4962
4963
4963
4965
4967
4971
4976
4979
4980
4988
4990
4999
5001
5003
5006
5007
5007
5012
5022
5022
5023
5024
5031
5044
5050
5056
5059
5072
5073
5076
5076
5085
5088
5090
5098
5109
5110
5118
5129
5132
5142
5142
5146
5148
5155
5159
5163
5178
5185
5186
5200
5201
5205
5206
5206
5221
5237
5249
5250
5250
5256
5263
5265
5265
5270
5270
5280
5282
5303
5304
5314
5334
5341
5346
5348
5351
5371
5386
5392
5396
5403
5412
5424
5428
5429
5432
5434
5437
5437
5448
5450
5453
5455
5458
5461
5470
5473
5478
5485
5496
5499
5509
5530
5536
5538
5539
5543
5546
5548
5548
5548
5557
5562
5566
5566
5566
5567
5569
5574
5575
5590
5590
5599
5602
5603
5603
5606
5609
5616
5620
5621
5628
5630
5630
5630
5652
5652
5652
5663
5666
5668
5678
5679
5679
5680
5681
5687
5698
5700
5706
5706
5707
5711
5717
5722
5723
5725
5726
5735
5749
5751
5753
5760
5760
5761
5765
5771
5784
5787
5788
5791
5792
5792
5814
5815
5822
5825
5825
5827
5829
5830
5835
5835
5842
5842
5845
5870
5870
5872
5875
5875
5882
5891
5892
5899
5904
5908
5913
5929
5939
5945
5946
5948
5952
5968
5968
5970
5974
5988
5991
5994
5995
5997
5998
6019
6022
6022
6032
6037
6039
6039
6049
6053
6059
6061
6064
6065
6073
6075
6078
6081
6082
6086
6086
6091
6098
6101
6106
6114
6119
6123
6130
6136
6140
6140
6143
6150
6154
6155
6173
6174
6178
6192
6194
6194
6203
6203
6216
6217
6223
6225
6226
6235
6250
6254
6261
6265
6269
6271
6273
6280
6282
6283
6288
6291
6293
6300
6303
6304
6304
6309
6322
6335
6337
6338
6344
6346
6360
6361
6363
6364
6364
6366
6368
6372
6399
6408
6411
6412
6413
6414
6419
6423
6424
6424
6429
6432
6435
6440
6440
6440
6444
6447
6451
6460
6464
6468
6474
6475
6478
6478
6478
6480
6484
6487
6489
6490
6494
6501
6505
6512
6513
6518
6520
6535
6539
6541
6541
6542
6542
6550
6560
6566
6577
6579
6583
6585
6591
6596
6603
6609
6611
6618
6619
6627
6631
6634
6635
6641
6642
6653
6654
6655
6668
6672
6680
6684
6688
6698
6699
6705
6705
6706
6706
6706
6718
6730
6735
6738
6741
6742
6742
6743
6748
6749
6761
6767
6778
6788
6791
6799
6804
6807
6810
6814
6817
6817
6820
6822
6828
6829
6836
6841
6841
6841
6842
6858
6858
6859
6868
6869
6870
6879
6891
6894
6896
6901
6903
6910
6923
6924
6925
6926
6933
6942
6944
6945
6947
6949
6949
6950
6956
6963
6963
6963
6970
6973
6973
6980
6996
7006
7007
7008
7009
7023
7033
7036
7038
7039
7041
7043
7064
7066
7068
7076
7081
7086
7087
7089
7096
7099
7104
7104
7104
7110
7111
7125
7125
7129
7130
7153
7153
7158
7165
7169
7172
7173
7186
7190
7190
7193
7196
7197
7201
7201
7207
7209
7210
7214
7217
7223
7224
7227
7230
7232
7234
7241
7241
7254
7263
7268
7274
7279
7283
7284
7286
7297
7297
7329
7339
7349
7350
7351
7353
7356
7359
7369
7372
7373
7373
7376
7377
7385
7392
7399
7411
7416
7422
7422
7433
7433
7433
7438
7442
7447
7449
7451
7452
7462
7463
7466
7466
7470
7470
7480
7483
7488
7490
7492
7493
7499
7505
7506
7507
7512
7515
7517
7519
7530
7532
7532
7535
7538
7541
7547
7550
7573
7578
7579
7586
7587
7590
7592
7594
7595
7596
7605
7605
7606
7607
7612
7613
7617
7617
7620
7622
7625
7628
7634
7637
7642
7645
7650
7651
7660
7664
7667
7671
7674
7680
7682
7693
7712
7714
7714
7721
7722
7727
7728
7741
7747
7754
7754
7757
7769
7774
7781
7784
7808
7810
7812
7814
7816
7826
7828
7831
7833
7834
7842
7862
7865
7865
7871
7871
7883
7890
7893
7901
7903
7906
7907
7914
7919
7923
7927
7937
7939
7946
7950
7951
7955
7959
7959
7959
7965
7968
7969
7976
7976
7983
7983
7985
8000
8008
8009
8010
8020
8023
8024
8028
8029
8036
8045
8054
8056
8059
8061
8071
8075
8075
8076
8083
8088
8103
8107
8111
8113
8115
8116
8117
8119
8128
8133
8136
8137
8146
8147
8150
8154
8155
8163
8165
8167
8167
8178
8183
8185
8191
8195
8212
8214
8218
8224
8224
8231
8239
8241
8246
8246
8248
8253
8254
8256
8257
8261
8263
8272
8275
8282
8284
8284
8287
8290
8291
8297
8298
8301
8314
8316
8316
8319
8319
8322
8324
8330
8331
8338
8347
8351
8353
8361
8361
8366
8374
8381
8383
8388
8393
8395
8397
8398
8406
8414
8420
8422
8424
8424
8434
8435
8443
8444
8456
8457
8459
8465
8468
8471
8471
8477
8480
8481
8484
8487
8487
8490
8491
8493
8494
8504
8504
8511
8520
8521
8523
8527
8530
8533
8539
8541
8547
8552
8564
8571
8581
8584
8585
8589
8589
8597
8599
8611
8611
8615
8617
8618
8631
8632
8634
8635
8637
8637
8639
8642
8644
8651
8652
8652
8653
8662
8663
8665
8667
8671
8679
8681
8682
8684
8685
8686
8690
8693
8697
8701
8704
8704
8704
8705
8708
8713
8715
8717
8720
8724
8739
8746
8753
8754
8757
8760
8762
8763
8763
8763
8769
8774
8780
8783
8787
8788
8792
8793
8794
8802
8806
8806
8806
8820
8824
8824
8827
8829
8839
8847
8851
8865
8870
8876
8881
8883
8889
8889
8891
8897
8897
8903
8910
8916
8923
8926
8929
8933
8936
8936
8943
8959
8963
8966
8977
8979
8979
8991
8991
9009
9011
9011
9012
9020
9023
9023
9034
9038
9041
9048
9059
9066
9073
9073
9083
9088
9091
9092
9096
9098
9100
9106
9106
9127
9131
9131
9136
9136
9142
9150
9152
9153
9153
9157
9157
9162
9162
9167
9169
9169
9170
9171
9173
9175
9175
9179
9188
9199
9200
9201
9214
9221
9222
9233
9249
9251
9253
9254
9254
9258
9262
9265
9265
9272
9274
9278
9282
9289
9293
9293
9302
9310
9314
9315
9315
9315
9319
9321
9332
9335
9338
9351
9353
9354
9358
9358
9359
9362
9365
9370
9375
9376
9384
9386
9397
9406
9406
9411
9414
9421
9422
9427
9427
9436
9446
9448
9448
9459
9459
9463
9465
9468
9487
9488
9488
9490
9491
9493
9493
9497
9498
9502
9504
9509
9511
9513
9515
9516
9516
9524
9536
9542
9553
9557
9558
9559
9561
9562
9566
9568
9568
9570
9574
9577
9578
9590
9602
9602
9612
9615
9618
9618
9622
9630
9644
9647
9658
9659
9659
9659
9663
9669
9677
9678
9682
9691
9696
9705
9712
9715
9719
9732
9734
9735
9738
9742
9759
9763
9764
9771
9772
9780
9782
9790
9790
9791
9791
9794
9797
9802
9811
9813
9813
9815
9816
9816
9816
9833
9851
9852
9854
9855
9856
9856
9859
9860
9861
9865
9867
9867
9870
9874
9877
9877
9878
9883
9886
9892
9895
9896
9898
9902
9906
9913
9917
9917
9924
9927
9930
9931
9933
9950
9955
9955
9957
9962
9962
9963
9965
9971
9973
9976
9977
9982
9987
9991
9994
9997
