3
4
5
7
9
9
22
22
25
27
28
29
29
33
36
37
38
38
39
40
41
41
41
42
42
42
43
49
49
50
54
54
54
56
58
59
62
63
66
66
67
68
71
72
73
73
74
74
76
76
79
81
81
84
84
84
85
94
97
102
103
104
105
107
107
110
113
114
115
117
120
120
122
123
124
124
125
129
131
131
134
135
135
135
136
136
137
138
139
141
143
143
143
143
143
145
145
146
147
147
149
150
154
154
160
160
169
170
170
170
171
171
174
176
176
176
177
179
179
181
184
184
184
189
190
190
190
190
190
192
194
194
194
196
196
200
203
203
206
209
212
213
216
218
222
223
226
228
228
230
230
232
236
237
238
239
239
242
246
249
251
253
254
259
260
260
260
260
261
268
269
271
271
272
273
274
275
279
280
281
286
286
289
290
290
292
293
294
301
301
302
304
304
305
308
309
309
312
313
314
316
319
323
324
325
327
329
329
331
334
334
336
336
337
338
338
339
341
346
349
351
351
354
354
356
357
358
362
364
366
374
379
381
382
383
383
384
384
387
390
391
394
397
398
404
406
407
407
413
416
416
416
416
417
417
419
423
423
424
425
425
425
426
427
427
429
433
436
436
441
442
444
449
451
453
455
457
460
463
467
467
468
469
471
471
472
473
475
475
476
477
480
482
482
482
483
485
486
486
486
490
490
491
492
494
496
499
500
503
503
503
504
507
507
509
511
512
515
520
522
523
524
524
525
528
529
531
531
533
533
538
539
539
539
541
541
543
543
543
549
549
556
556
556
557
557
557
557
558
559
560
566
569
574
575
578
581
581
582
586
592
592
593
595
596
600
601
601
602
609
609
610
611
614
615
616
616
618
621
622
624
625
627
629
631
634
636
636
640
641
644
644
646
648
649
649
650
653
655
655
655
656
657
659
659
662
664
664
665
665
666
667
667
667
667
668
669
670
671
672
675
676
676
678
678
678
680
680
682
682
685
685
687
688
691
693
694
696
696
698
699
699
701
701
701
703
704
705
708
711
711
713
713
715
717
719
721
722
723
723
727
732
733
735
737
737
738
742
743
743
745
748
749
749
751
752
754
755
759
762
762
770
772
775
776
778
779
779
784
784
786
787
787
788
789
791
793
793
793
798
799
800
807
808
808
809
810
812
815
817
817
820
822
826
827
828
830
831
833
834
834
834
837
837
838
839
840
842
844
845
845
846
847
852
852
856
859
862
863
867
873
875
876
876
877
878
878
878
884
884
886
887
889
890
892
894
894
894
900
900
901
901
905
906
907
907
911
911
912
913
914
918
921
923
930
931
932
933
936
936
936
939
941
941
944
944
946
946
947
947
948
950
952
954
959
962
967
968
968
969
969
972
972
973
975
975
977
978
980
980
985
986
987
988
990
991
991
997
998
999
1000
1001
1002
1002
1002
1004
1004
1005
1006
1007
1009
1010
1012
1013
1013
1015
1016
1016
1017
1018
1019
1021
1021
1024
1024
1026
1026
1027
1028
1029
1029
1034
1035
1037
1048
1048
1049
1050
1052
1053
1053
1055
1057
1057
1057
1057
1059
1061
1061
1064
1065
1065
1066
1067
1069
1070
1072
1072
1072
1073
1075
1076
1079
1081
1081
1081
1084
1085
1086
1086
1087
1089
1089
1091
1095
1099
1099
1099
1101
1102
1103
1106
1106
1108
1109
1110
1112
1112
1114
1116
1120
1123
1125
1128
1132
1133
1135
1136
1137
1139
1144
1147
1147
1150
1150
1151
1152
1154
1154
1155
1156
1157
1158
1159
1160
1160
1164
1166
1172
1173
1174
1176
1181
1182
1185
1185
1186
1188
1189
1192
1193
1193
1197
1197
1198
1201
1202
1203
1204
1206
1207
1212
1220
1220
1222
1222
1225
1227
1227
1229
1230
1230
1239
1239
1241
1244
1245
1245
1246
1246
1248
1251
1257
1259
1260
1261
1263
1265
1266
1268
1268
1268
1270
1271
1275
1277
1277
1279
1281
1283
1284
1285
1287
1287
1293
1294
1294
1294
1296
1300
1301
1303
1303
1311
1311
1312
1314
1314
1315
1317
1319
1321
1321
1322
1323
1324
1324
1324
1326
1330
1332
1334
1335
1338
1338
1339
1340
1341
1343
1345
1347
1348
1349
1352
1356
1358
1359
1361
1362
1364
1364
1365
1365
1368
1370
1372
1377
1377
1377
1382
1382
1383
1386
1387
1389
1394
1396
1397
1401
1402
1406
1409
1410
1412
1412
1412
1412
1414
1417
1417
1418
1418
1419
1420
1421
1422
1423
1426
1427
1427
1431
1431
1435
1437
1442
1442
1444
1448
1448
1448
1451
1454
1455
1456
1458
1458
1458
1459
1460
1462
1462
1463
1463
1464
1466
1467
1468
1477
1477
1477
1478
1479
1479
1479
1480
1481
1488
1491
1494
1496
1496
1496
1497
1498
1498
1498
1502
1503
1504
1505
1506
1506
1507
1512
1512
1515
1516
1521
1521
1522
1523
1529
1529
1532
1532
1538
1539
1539
1540
1540
1540
1541
1544
1544
1545
1546
1548
1548
1548
1549
1550
1551
1551
1553
1556
1557
1561
1562
1562
1563
1564
1564
1568
1571
1571
1576
1578
1578
1579
1580
1586
1586
1588
1589
1589
1592
1594
1595
1596
1596
1598
1598
1600
1601
1602
1605
1605
1609
1616
1618
1618
1621
1621
1623
1623
1624
1625
1627
1627
1627
1628
1631
1635
1636
1636
1638
1642
1642
1642
1644
1644
1648
1648
1648
1651
1655
1656
1656
1660
1663
1663
1664
1666
1666
1671
1673
1674
1676
1677
1678
1680
1684
1684
1685
1688
1691
1692
1694
1695
1696
1698
1699
1702
1703
1706
1708
1709
1711
1711
1712
1715
1716
1718
1718
1719
1724
1724
1724
1725
1725
1727
1728
1729
1732
1736
1736
1739
1742
1745
1750
1752
1753
1755
1755
1755
1755
1759
1759
1760
1760
1763
1764
1764
1767
1769
1769
1769
1770
1772
1772
1775
1776
1778
1779
1782
1784
1785
1786
1786
1788
1791
1795
1799
1806
1808
1811
1813
1818
1819
1823
1826
1828
1828
1830
1833
1834
1834
1837
1837
1838
1839
1840
1841
1841
1841
1843
1848
1850
1853
1857
1858
1861
1863
1863
1865
1867
1868
1870
1874
1875
1877
1882
1882
1884
1886
1887
1892
1893
1893
1896
1897
1898
1899
1900
1902
1902
1904
1908
1908
1909
1909
1910
1910
1912
1914
1916
1919
1921
1921
1921
1924
1925
1927
1927
1929
1935
1937
1942
1943
1944
1946
1946
1948
1949
1950
1951
1955
1955
1955
1960
1963
1964
1969
1970
1970
1971
1975
1980
1980
1980
1981
1982
1982
1983
1983
1985
1985
1989
1989
1991
1992
1994
1994
1999
2000
2000
2001
2004
2006
2009
2012
2013
2016
2016
2017
2019
2019
2019
2020
2020
2021
2022
2023
2029
2030
2034
2034
2037
2037
2038
2043
2044
2045
2045
2046
2047
2048
2051
2053
2054
2054
2055
2057
2061
2061
2065
2073
2074
2075
2075
2075
2076
2077
2079
2080
2081
2083
2084
2086
2087
2088
2089
2089
2089
2092
2095
2096
2098
2098
2098
2105
2106
2107
2107
2112
2113
2119
2120
2122
2126
2126
2127
2130
2130
2137
2137
2138
2139
2140
2143
2144
2145
2146
2146
2146
2149
2152
2155
2158
2159
2159
2162
2162
2163
2165
2169
2169
2171
2171
2172
2174
2177
2180
2180
2182
2183
2184
2187
2187
2188
2188
2188
2190
2191
2191
2194
2195
2196
2197
2198
2198
2200
2201
2204
2207
2209
2210
2210
2213
2215
2221
2223
2224
2226
2227
2233
2234
2238
2240
2241
2242
2245
2245
2246
2250
2254
2255
2256
2258
2258
2258
2259
2259
2260
2262
2264
2265
2269
2271
2271
2272
2275
2275
2277
2280
2280
2285
2287
2288
2290
2291
2291
2291
2293
2295
2295
2296
2297
2302
2304
2307
2307
2308
2308
2313
2314
2317
2318
2318
2318
2320
2323
2325
2328
2331
2332
2335
2337
2341
2343
2344
2349
2352
2353
2356
2357
2357
2358
2362
2362
2364
2364
2365
2369
2369
2371
2372
2373
2377
2383
2383
2387
2390
2390
2392
2393
2394
2398
2400
2402
2404
2404
2405
2406
2406
2407
2410
2414
2421
2422
2422
2424
2426
2429
2432
2434
2436
2438
2439
2439
2440
2445
2446
2449
2452
2456
2456
2462
2467
2469
2470
2470
2472
2472
2472
2473
2481
2482
2482
2483
2483
2484
2484
2489
2489
2490
2493
2494
2495
2497
2499
2500
2500
2502
2502
2504
2504
2504
2504
2505
2506
2507
2509
2511
2512
2513
2513
2514
2515
2515
2517
2518
2521
2522
2526
2526
2526
2528
2529
2530
2530
2530
2531
2533
2535
2535
2537
2545
2550
2550
2550
2550
2551
2555
2557
2558
2567
2571
2571
2571
2571
2573
2579
2579
2582
2585
2585
2587
2589
2590
2590
2592
2594
2594
2594
2595
2598
2599
2600
2601
2601
2605
2608
2608
2610
2610
2612
2612
2613
2619
2620
2620
2622
2622
2624
2624
2626
2626
2627
2628
2629
2629
2629
2630
2631
2633
2635
2638
2638
2639
2641
2642
2646
2647
2648
2649
2652
2653
2655
2658
2659
2660
2662
2663
2664
2664
2668
2669
2669
2669
2670
2671
2671
2672
2674
2675
2676
2677
2678
2678
2679
2679
2679
2684
2686
2687
2687
2689
2696
2696
2700
2702
2702
2703
2703
2703
2703
2704
2705
2708
2709
2716
2717
2718
2719
2719
2720
2723
2724
2726
2727
2730
2730
2735
2735
2737
2738
2738
2738
2741
2742
2742
2743
2746
2751
2751
2756
2757
2758
2759
2760
2760
2761
2765
2766
2770
2775
2778
2780
2780
2786
2793
2796
2796
2797
2799
2801
2814
2815
2816
2817
2819
2827
2831
2833
2834
2836
2844
2845
2845
2849
2851
2851
2851
2859
2860
2861
2862
2863
2866
2868
2870
2873
2881
2884
2885
2886
2886
2886
2889
2891
2893
2897
2898
2903
2903
2909
2912
2913
2913
2914
2925
2926
2928
2928
2928
2930
2932
2934
2934
2936
2936
2937
2938
2939
2942
2943
2944
2944
2945
2947
2947
2950
2952
2956
2964
2972
2973
2973
2975
2975
2984
2989
2994
2994
2996
2996
2998
2999
3000
3001
3001
3006
3008
3013
3016
3017
3018
3021
3023
3025
3029
3031
3032
3035
3036
3036
3038
3038
3040
3042
3044
3044
3050
3054
3054
3060
3062
3062
3062
3064
3064
3065
3066
3073
3074
3080
3080
3089
3093
3094
3094
3094
3102
3102
3103
3106
3106
3113
3116
3117
3121
3135
3143
3144
3145
3146
3147
3148
3150
3153
3153
3153
3155
3155
3155
3159
3162
3163
3164
3165
3166
3166
3169
3170
3170
3172
3176
3180
3180
3182
3184
3185
3187
3187
3188
3189
3190
3195
3195
3196
3196
3197
3200
3202
3203
3203
3206
3209
3211
3211
3217
3221
3222
3225
3225
3232
3233
3235
3235
3240
3241
3242
3244
3246
3246
3246
3252
3253
3257
3259
3262
3263
3265
3268
3272
3272
3277
3278
3282
3284
3290
3291
3291
3293
3294
3294
3297
3298
3306
3310
3311
3317
3319
3319
3328
3329
3331
3333
3333
3334
3336
3336
3337
3338
3339
3339
3341
3343
3344
3352
3358
3358
3360
3361
3371
3372
3378
3381
3389
3389
3389
3391
3392
3393
3393
3394
3395
3397
3397
3401
3401
3402
3403
3407
3408
3414
3426
3427
3429
3431
3433
3435
3439
3440
3445
3445
3446
3446
3448
3449
3450
3453
3453
3455
3456
3456
3459
3462
3466
3466
3473
3476
3477
3478
3481
3482
3484
3488
3488
3488
3490
3491
3491
3493
3496
3498
3502
3504
3505
3510
3510
3510
3518
3520
3524
3524
3526
3526
3528
3530
3533
3538
3541
3543
3543
3544
3546
3549
3550
3553
3555
3555
3557
3558
3560
3562
3566
3566
3567
3570
3573
3574
3577
3578
3579
3580
3581
3583
3585
3585
3586
3587
3589
3590
3591
3592
3593
3598
3603
3604
3609
3610
3618
3623
3624
3626
3640
3641
3643
3645
3647
3648
3649
3651
3653
3654
3656
3657
3657
3660
3662
3670
3676
3676
3677
3682
3684
3685
3685
3688
3691
3693
3695
3695
3695
3699
3700
3701
3713
3714
3717
3717
3718
3723
3729
3730
3731
3738
3744
3752
3754
3755
3758
3759
3759
3761
3761
3763
3763
3767
3774
3775
3776
3776
3780
3785
3786
3788
3788
3789
3790
3794
3796
3800
3804
3806
3806
3811
3812
3818
3818
3819
3823
3827
3827
3830
3830
3831
3832
3832
3833
3838
3839
3841
3844
3845
3848
3850
3851
3851
3852
3852
3852
3853
3856
3856
3856
3857
3860
3866
3866
3870
3873
3874
3875
3878
3878
3879
3880
3883
3886
3889
3894
3897
3902
3903
3905
3916
3917
3918
3918
3918
3925
3926
3931
3932
3937
3942
3942
3944
3947
3954
3956
3960
3961
3965
3967
3968
3968
3972
3972
3974
3977
3977
3978
3978
3979
3986
3986
3987
3988
3988
3990
3991
3993
3994
3994
3995
3996
3999
4007
4008
4008
4008
4009
4009
4016
4016
4017
4017
4019
4022
4029
4029
4032
4034
4042
4042
4043
4048
4051
4056
4060
4062
4063
4066
4067
4070
4072
4075
4076
4082
4085
4085
4085
4088
4091
4092
4096
4099
4100
4100
4102
4109
4115
4116
4118
4119
4119
4120
4121
4121
4123
4123
4126
4130
4141
4142
4145
4146
4147
4147
4148
4156
4156
4158
4161
4162
4162
4169
4170
4170
4172
4177
4180
4180
4182
4183
4183
4187
4187
4194
4197
4197
4197
4198
4199
4200
4200
4200
4203
4209
4209
4210
4214
4215
4217
4219
4222
4224
4228
4230
4230
4231
4232
4232
4236
4238
4242
4244
4246
4249
4249
4255
4257
4263
4271
4272
4273
4273
4273
4278
4287
4288
4288
4291
4292
4296
4301
4308
4309
4310
4311
4313
4314
4314
4315
4319
4320
4321
4325
4327
4328
4334
4337
4344
4344
4346
4347
4347
4349
4351
4354
4354
4356
4361
4361
4365
4365
4366
4370
4371
4373
4377
4381
4382
4382
4388
4390
4391
4391
4394
4396
4399
4399
4400
4409
4414
4415
4416
4423
4424
4424
4429
4429
4430
4430
4435
4440
4442
4444
4450
4451
4456
4460
4461
4461
4463
4465
4465
4465
4465
4470
4473
4473
4474
4475
4475
4475
4475
4482
4485
4485
4486
4487
4489
4490
4490
4494
4505
4508
4509
4511
4513
4513
4515
4516
4519
4521
4523
4524
4525
4527
4537
4542
4542
4547
4548
4551
4553
4556
4558
4566
4566
4567
4568
4576
4579
4581
4584
4587
4589
4590
4591
4592
4592
4593
4594
4594
4594
4597
4597
4600
4601
4605
4605
4607
4610
4612
4616
4617
4619
4619
4621
4624
4625
4626
4627
4630
4630
4632
4633
4634
4638
4640
4641
4641
4641
4642
4643
4644
4649
4652
4652
4664
4665
4668
4669
4672
4676
4677
4677
4679
4681
4682
4685
4687
4689
4694
4694
4694
4697
4697
4698
4699
4701
4706
4709
4710
4711
4713
4714
4716
4719
4720
4721
4722
4723
4724
4735
4737
4744
4746
4746
4748
4751
4751
4751
4753
4754
4756
4758
4767
4768
4768
4770
4770
4772
4774
4774
4775
4777
4779
4780
4789
4791
4791
4792
4796
4799
4799
4799
4802
4803
4805
4807
4809
4816
4817
4826
4828
4829
4829
4829
4834
4834
4835
4836
4842
4845
4845
4853
4853
4855
4855
4856
4856
4859
4861
4861
4866
4868
4869
4871
4873
4873
4876
4879
4880
4883
4884
4887
4888
4891
4894
4894
4896
4899
4900
4902
4903
4903
4908
4908
4913
4918
4920
4920
4925
4926
4932
4933
4938
4941
4943
4945
4946
4947
4949
4950
4955
4956
4957
4958
4959
4960
4962
4963
4963
4963
4965
4967
4971
4976
4978
4979
4980
4980
4983
4984
4985
4988
4990
4991
4999
4999
5001
5001
5003
5006
5007
5007
5012
5013
5013
5014
5021
5021
5022
5022
5023
5024
5024
5025
5027
5028
5029
5031
5033
5033
5033
5034
5039
5039
5044
5046
5050
5051
5053
5054
5056
5056
5059
5060
5072
5073
5073
5076
5076
5080
5085
5085
5087
5088
5090
5094
5096
5098
5101
5108
5109
5110
5118
5118
5124
5128
5129
5129
5132
5135
5138
5138
5138
5142
5142
5145
5146
5146
5148
5150
5155
5159
5163
5168
5170
5170
5175
5178
5185
5186
5191
5191
5192
5192
5194
5198
5200
5201
5205
5206
5206
5216
5221
5225
5226
5227
5228
5231
5231
5237
5239
5243
5249
5250
5250
5254
5254
5256
5256
5258
5259
5260
5263
5265
5265
5265
5269
5270
5270
5272
5276
5280
5280
5282
5291
5291
5294
5297
5297
5300
5303
5304
5314
5315
5317
5319
5320
5329
5330
5334
5334
5339
5341
5346
5348
5350
5351
5352
5368
5371
5378
5385
5386
5386
5387
5392
5396
5397
5403
5403
5404
5408
5412
5416
5417
5417
5424
5428
5429
5430
5432
5434
5437
5437
5437
5442
5443
5445
5448
5448
5450
5451
5453
5453
5455
5457
5458
5461
5464
5470
5470
5471
5472
5473
5477
5478
5485
5489
5493
5496
5499
5503
5506
5507
5508
5509
5514
5519
5520
5525
5530
5533
5536
5536
5537
5538
5539
5542
5543
5546
5548
5548
5548
5554
5557
5562
5562
5564
5566
5566
5566
5567
5568
5569
5574
5575
5580
5582
5585
5585
5588
5590
5590
5590
5591
5599
5602
5603
5603
5604
5606
5607
5609
5611
5616
5617
5619
5620
5621
5622
5624
5625
5626
5628
5629
5630
5630
5630
5632
5632
5634
5639
5639
5647
5652
5652
5652
5657
5663
5666
5668
5669
5676
5677
5678
5678
5679
5679
5680
5681
5687
5687
5693
5696
5698
5700
5706
5706
5707
5707
5711
5713
5714
5714
5716
5717
5718
5719
5722
5723
5723
5723
5725
5726
5734
5735
5740
5740
5746
5749
5751
5753
5759
5760
5760
5761
5765
5766
5768
5770
5771
5777
5784
5787
5788
5791
5791
5791
5792
5792
5793
5794
5795
5809
5809
5810
5812
5813
5814
5814
5815
5821
5822
5822
5823
5825
5825
5827
5829
5830
5832
5835
5835
5836
5837
5842
5842
5845
5847
5858
5859
5866
5868
5870
5870
5872
5875
5875
5881
5882
5891
5892
5894
5894
5897
5898
5899
5904
5907
5908
5913
5916
5918
5924
5928
5929
5935
5937
5939
5940
5945
5946
5946
5947
5948
5949
5951
5952
5956
5961
5967
5968
5968
5970
5974
5975
5982
5986
5988
5989
5991
5992
5994
5995
5997
5998
6003
6004
6017
6019
6022
6022
6031
6032
6035
6037
6039
6039
6039
6041
6041
6047
6049
6051
6053
6054
6059
6061
6062
6064
6065
6065
6068
6069
6071
6073
6073
6075
6075
6078
6081
6082
6086
6086
6086
6089
6091
6097
6098
6098
6100
6101
6102
6106
6114
6116
6118
6119
6121
6123
6125
6126
6126
6127
6127
6129
6130
6130
6134
6135
6136
6140
6140
6141
6142
6143
6150
6153
6154
6154
6155
6159
6161
6162
6173
6174
6178
6183
6189
6192
6192
6194
6194
6201
6203
6203
6204
6205
6207
6209
6212
6216
6217
6223
6225
6225
6225
6226
6227
6228
6232
6232
6235
6239
6249
6250
6252
6254
6256
6257
6260
6260
6261
6261
6261
6265
6267
6269
6271
6273
6279
6280
6281
6282
6283
6287
6288
6291
6292
6293
6293
6293
6297
6300
6301
6301
6303
6304
6304
6309
6313
6321
6322
6322
6322
6330
6334
6335
6335
6337
6337
6338
6340
6340
6344
6345
6346
6355
6359
6360
6361
6363
6364
6364
6365
6366
6367
6367
6368
6370
6372
6380
6386
6386
6387
6389
6399
6406
6407
6408
6411
6412
6413
6414
6419
6422
6423
6424
6424
6425
6429
6431
6432
6435
6440
6440
6440
6440
6444
6445
6447
6451
6451
6454
6460
6462
6464
6464
6464
6465
6465
6467
6468
6468
6468
6468
6470
6474
6475
6478
6478
6478
6479
6480
6484
6485
6487
6489
6490
6494
6498
6500
6501
6505
6505
6509
6509
6512
6513
6518
6519
6520
6520
6529
6534
6535
6539
6539
6540
6541
6541
6542
6542
6550
6556
6559
6560
6562
6563
6566
6566
6570
6577
6577
6579
6583
6585
6585
6587
6589
6590
6591
6596
6596
6600
6601
6603
6609
6611
6611
6612
6616
6618
6619
6625
6627
6627
6631
6633
6634
6634
6635
6637
6638
6641
6642
6642
6642
6646
6647
6649
6653
6654
6654
6655
6658
6659
6668
6672
6679
6680
6684
6686
6688
6694
6694
6698
6699
6702
6703
6705
6705
6706
6706
6706
6716
6717
6718
6721
6725
6728
6730
6732
6732
6735
6736
6738
6739
6741
6742
6742
6743
6747
6748
6749
6754
6755
6759
6761
6767
6767
6768
6770
6778
6782
6785
6788
6791
6793
6793
6794
6799
6799
6799
6804
6805
6807
6807
6808
6810
6812
6812
6814
6815
6815
6817
6817
6817
6820
6822
6825
6825
6828
6829
6834
6836
6841
6841
6841
6842
6845
6848
6851
6851
6854
6858
6858
6859
6860
6860
6863
6866
6868
6868
6869
6870
6879
6879
6880
6881
6884
6887
6891
6891
6894
6896
6898
6901
6901
6903
6910
6910
6916
6920
6920
6923
6924
6924
6924
6925
6926
6926
6929
6933
6939
6942
6944
6945
6947
6947
6948
6949
6949
6950
6956
6963
6963
6963
6967
6970
6973
6973
6980
6984
6985
6985
6992
6996
7005
7005
7006
7007
7008
7009
7012
7014
7015
7023
7029
7033
7036
7038
7039
7039
7039
7041
7043
7044
7050
7054
7057
7059
7064
7065
7066
7066
7068
7074
7076
7081
7086
7086
7087
7089
7090
7092
7094
7094
7096
7097
7099
7104
7104
7104
7105
7108
7108
7110
7111
7118
7119
7119
7124
7125
7125
7129
7130
7133
7138
7138
7138
7153
7153
7158
7158
7158
7163
7165
7169
7169
7172
7172
7173
7183
7183
7186
7190
7190
7193
7196
7197
7200
7201
7201
7205
7207
7208
7209
7210
7211
7214
7217
7220
7223
7224
7225
7227
7230
7232
7234
7237
7240
7241
7241
7242
7246
7252
7253
7254
7254
7257
7261
7263
7263
7265
7267
7268
7272
7274
7279
7283
7283
7284
7284
7286
7286
7289
7292
7296
7297
7297
7297
7297
7298
7299
7300
7302
7312
7313
7322
7329
7329
7331
7339
7343
7349
7350
7351
7351
7353
7356
7358
7359
7359
7363
7369
7370
7371
7372
7373
7373
7374
7376
7377
7378
7385
7392
7394
7396
7399
7407
7409
7411
7412
7416
7417
7420
7421
7422
7422
7433
7433
7433
7433
7438
7438
7441
7442
7442
7442
7443
7443
7447
7449
7451
7452
7453
7453
7462
7463
7466
7466
7470
7470
7471
7479
7480
7480
7481
7483
7488
7490
7492
7493
7499
7505
7506
7506
7507
7509
7512
7515
7517
7519
7519
7524
7524
7525
7530
7531
7532
7532
7535
7538
7541
7541
7546
7547
7548
7550
7552
7553
7554
7554
7570
7572
7573
7578
7578
7578
7579
7579
7580
7581
7585
7585
7586
7587
7588
7588
7588
7590
7591
7591
7592
7592
7593
7594
7595
7596
7603
7604
7605
7605
7606
7607
7608
7611
7612
7612
7612
7613
7616
7617
7617
7620
7620
7622
7624
7625
7627
7628
7633
7634
7637
7641
7642
7645
7650
7650
7651
7652
7652
7660
7660
7664
7666
7667
7667
7669
7670
7671
7672
7673
7674
7680
7680
7682
7684
7687
7689
7690
7693
7693
7701
7706
7709
7712
7714
7714
7715
7718
7721
7722
7724
7727
7728
7729
7733
7735
7741
7742
7747
7754
7754
7755
7757
7760
7761
7763
7769
7774
7775
7776
7777
7777
7781
7781
7784
7793
7794
7800
7805
7808
7810
7810
7812
7814
7814
7816
7826
7828
7831
7833
7834
7835
7838
7840
7842
7842
7843
7844
7845
7847
7859
7861
7862
7865
7865
7871
7871
7874
7878
7880
7880
7883
7887
7888
7888
7890
7893
7893
7893
7894
7897
7901
7903
7906
7907
7910
7913
7914
7916
7917
7919
7919
7919
7923
7923
7927
7930
7930
7937
7937
7939
7940
7946
7950
7951
7953
7954
7955
7955
7957
7959
7959
7959
7962
7965
7968
7969
7976
7976
7977
7982
7983
7983
7985
7987
7989
7994
7998
7999
8000
8008
8008
8009
8010
8012
8013
8019
8020
8023
8024
8024
8024
8027
8027
8028
8029
8030
8033
8036
8039
8041
8043
8043
8045
8048
8050
8054
8056
8059
8061
8062
8062
8071
8073
8075
8075
8075
8075
8076
8076
8083
8083
8086
8087
8088
8095
8100
8103
8105
8107
8109
8111
8113
8115
8116
8117
8119
8120
8126
8128
8129
8130
8131
8133
8134
8135
8136
8136
8137
8141
8145
8146
8147
8149
8150
8154
8155
8161
8163
8165
8167
8167
8167
8169
8171
8173
8175
8175
8176
8178
8181
8183
8183
8185
8187
8188
8191
8195
8201
8212
8212
8214
8214
8218
8218
8218
8223
8224
8224
8231
8234
8235
8238
8238
8239
8239
8240
8241
8241
8246
8246
8246
8247
8248
8251
8253
8253
8253
8254
8256
8257
8258
8259
8260
8260
8261
8263
8267
8272
8273
8275
8276
8278
8282
8282
8284
8284
8287
8288
8290
8291
8291
8291
8296
8297
8298
8299
8300
8301
8311
8314
8314
8314
8315
8316
8316
8316
8318
8319
8319
8319
8320
8322
8324
8326
8327
8330
8331
8334
8336
8338
8340
8344
8344
8346
8347
8351
8353
8357
8358
8361
8361
8364
8365
8366
8367
8367
8369
8374
8381
8381
8382
8383
8383
8388
8389
8393
8393
8395
8397
8397
8398
8400
8401
8401
8403
8406
8407
8411
8412
8414
8420
8422
8422
8423
8424
8424
8429
8434
8435
8438
8441
8443
8444
8449
8455
8456
8457
8457
8457
8458
8459
8465
8468
8470
8471
8471
8473
8477
8480
8481
8484
8487
8487
8488
8489
8490
8491
8493
8494
8494
8499
8500
8504
8504
8505
8506
8510
8511
8511
8517
8520
8521
8523
8523
8523
8527
8530
8533
8537
8539
8541
8547
8552
8564
8565
8570
8570
8571
8581
8583
8584
8584
8585
8586
8589
8589
8593
8597
8597
8599
8607
8608
8611
8611
8614
8614
8614
8615
8617
8618
8622
8625
8628
8631
8631
8632
8632
8634
8634
8635
8637
8637
8639
8642
8643
8644
8651
8652
8652
8653
8653
8662
8663
8665
8667
8671
8673
8676
8678
8679
8681
8682
8682
8683
8684
8684
8685
8685
8686
8687
8687
8690
8693
8693
8696
8697
8701
8704
8704
8704
8705
8706
8707
8707
8708
8710
8713
8715
8717
8718
8719
8719
8720
8722
8724
8725
8726
8730
8734
8739
8739
8746
8748
8753
8754
8757
8760
8760
8760
8762
8763
8763
8763
8766
8769
8774
8776
8780
8782
8783
8787
8787
8788
8792
8793
8794
8802
8805
8806
8806
8806
8820
8823
8824
8824
8827
8829
8830
8834
8835
8839
8839
8841
8843
8847
8849
8851
8855
8857
8863
8865
8867
8868
8870
8871
8872
8873
8876
8879
8881
8883
8889
8889
8891
8892
8893
8897
8897
8903
8909
8910
8914
8914
8916
8918
8923
8926
8929
8933
8935
8936
8936
8939
8939
8940
8943
8943
8957
8957
8959
8961
8963
8964
8965
8966
8966
8969
8971
8972
8977
8979
8979
8980
8982
8983
8983
8984
8991
8991
8991
8996
8997
9002
9003
9008
9009
9011
9011
9012
9012
9020
9023
9023
9024
9024
9030
9034
9035
9038
9041
9045
9048
9051
9059
9066
9067
9068
9073
9073
9073
9075
9075
9079
9080
9083
9086
9088
9089
9091
9091
9092
9092
9094
9095
9095
9096
9096
9098
9100
9103
9103
9104
9105
9106
9106
9108
9110
9127
9131
9131
9136
9136
9142
9147
9150
9152
9153
9153
9154
9155
9157
9157
9157
9161
9162
9162
9167
9169
9169
9170
9171
9172
9173
9174
9175
9175
9177
9179
9183
9188
9191
9194
9196
9199
9199
9200
9201
9204
9214
9214
9219
9221
9222
9224
9228
9233
9236
9237
9249
9250
9251
9253
9253
9254
9254
9257
9258
9261
9262
9265
9265
9270
9271
9272
9272
9272
9274
9276
9278
9279
9282
9286
9286
9289
9291
9293
9293
9299
9302
9310
9311
9313
9314
9314
9315
9315
9315
9315
9319
9321
9332
9335
9335
9338
9351
9353
9354
9357
9358
9358
9359
9360
9362
9362
9365
9369
9370
9373
9375
9376
9376
9382
9384
9386
9388
9389
9397
9398
9401
9403
9406
9406
9407
9411
9413
9414
9421
9422
9422
9426
9427
9427
9428
9436
9439
9444
9445
9446
9448
9448
9449
9459
9459
9463
9464
9465
9466
9468
9469
9473
9473
9474
9479
9486
9487
9488
9488
9490
9491
9493
9493
9497
9498
9502
9504
9504
9504
9506
9508
9509
9511
9513
9515
9516
9516
9516
9523
9524
9528
9532
9534
9536
9540
9542
9552
9553
9555
9556
9557
9557
9558
9559
9561
9562
9562
9563
9566
9568
9568
9570
9574
9575
9577
9578
9579
9579
9590
9592
9594
9602
9602
9609
9612
9614
9615
9617
9618
9618
9622
9624
9626
9630
9632
9644
9646
9647
9648
9650
9657
9658
9659
9659
9659
9663
9665
9669
9670
9677
9678
9682
9682
9686
9691
9693
9695
9696
9696
9705
9708
9712
9715
9715
9719
9723
9725
9730
9732
9734
9735
9735
9736
9738
9742
9745
9750
9751
9752
9753
9757
9759
9762
9762
9763
9764
9769
9769
9769
9771
9772
9778
9780
9782
9786
9790
9790
9790
9791
9791
9794
9794
9794
9796
9797
9802
9802
9809
9811
9813
9813
9815
9816
9816
9816
9819
9833
9833
9834
9835
9843
9847
9850
9851
9852
9854
9855
9855
9856
9856
9856
9858
9859
9860
9861
9862
9865
9867
9867
9870
9870
9874
9877
9877
9878
9882
9883
9886
9892
9892
9895
9896
9898
9898
9902
9905
9906
9906
9910
9911
9912
9913
9915
9917
9917
9918
9920
9924
9927
9930
9931
9933
9935
9936
9943
9943
9948
9949
9950
9955
9955
9957
9960
9962
9962
9963
9965
9971
9973
9975
9976
9976
9977
9978
9979
9980
9982
9983
9985
9987
9989
9991
9992
9994
9997
9998
