Version 0.9.7
5
 4 10 175 77 128 0 1
 5 80 400 206 81 2 2
 0 110 110 877 276 8 3
 1 113 398 206 81 140 4
 3 102 41 203 58 160 6
 0
19
 255 5 71 202 71 202 29 202 29 409 128 409 128 409 0 1 0 4
 0 5 128 467 128 467 52 467 52 249 71 249 71 249 0 4 0 1
 255 5 71 215 71 215 90 215 90 137 163 137 163 137 0 1 0 3
 0 5 71 288 71 288 71 358 71 358 163 358 163 358 0 1 0 3
 0 5 254 319 254 319 254 319 254 358 254 358 254 358 0 3 0 3
 255 5 176 176 176 176 176 176 176 137 176 137 176 137 0 3 0 3
 65280 5 169 409 169 409 169 319 169 319 176 319 176 319 0 4 0 3
 65280 5 188 409 188 409 188 319 188 319 189 319 189 319 0 4 0 3
 65280 5 202 280 202 280 202 280 267 280 267 280 267 280 0 3 0 3
 65280 5 267 267 267 267 267 267 267 228 267 228 267 228 0 3 0 3
 65280 5 267 176 267 176 128 176 128 85 148 85 148 85 0 3 0 6
 255 5 293 176 293 176 293 176 293 137 293 137 293 137 0 3 0 3
 0 5 371 319 371 319 371 319 371 358 371 358 371 358 0 3 0 3
 4227327 5 169 422 169 422 169 441 293 441 293 319 293 319 0 4 0 3
 4227327 5 188 422 188 422 306 422 306 422 306 319 306 319 0 4 0 3
 4227327 5 319 280 319 280 319 280 384 280 384 280 384 280 0 3 0 3
 4227327 5 384 267 384 267 384 267 384 228 384 228 384 228 0 3 0 3
 4227327 5 384 176 384 176 384 85 384 85 168 85 168 85 0 3 0 6
 0 5 113 78 113 78 57 78 57 262 71 262 71 262 0 6 0 1
2
 7086 1 14 170 228 5 0 0 16200 3
 7008 1 14 287 228 5 0 0 16200 3
