Version 0.9.7
5
 4 10 175 77 128 0 1
 5 80 400 206 81 2 2
 0 110 110 877 276 8 3
 1 113 398 206 81 140 4
 3 102 41 203 58 150 6
 0
22
 255 5 71 202 71 202 29 202 29 409 128 409 128 409 0 1 0 4
 0 5 128 467 128 467 52 467 52 249 71 249 71 249 0 4 0 1
 255 5 71 215 71 215 90 215 90 137 163 137 163 137 0 1 0 3
 0 5 71 288 71 288 71 358 71 358 163 358 163 358 0 1 0 3
 0 5 254 319 254 319 254 319 254 358 254 358 254 358 0 3 0 3
 255 5 176 176 176 176 176 176 176 137 176 137 176 137 0 3 0 3
 65280 5 169 409 169 409 169 319 169 319 176 319 176 319 0 4 0 3
 65280 5 188 409 188 409 188 319 188 319 189 319 189 319 0 4 0 3
 65280 5 202 280 202 280 202 280 267 280 267 280 267 280 0 3 0 3
 65280 5 267 267 267 267 267 267 267 228 267 228 267 228 0 3 0 3
 65280 5 267 176 267 176 128 176 128 85 148 85 148 85 0 3 0 6
 255 5 293 176 293 176 293 176 293 137 293 137 293 137 0 3 0 3
 0 5 371 319 371 319 371 319 371 358 371 358 371 358 0 3 0 3
 0 5 113 78 113 78 57 78 57 262 71 262 71 262 0 6 0 1
 0 5 488 319 488 319 488 319 488 358 488 358 488 358 0 3 0 3
 255 5 410 176 410 176 410 176 410 137 410 137 410 137 0 3 0 3
 33023 5 169 422 169 422 169 394 293 394 293 306 293 306 0 4 0 3
 33023 5 410 280 410 280 410 280 306 280 306 280 306 280 0 3 0 3
 33023 5 188 422 188 422 423 422 423 422 423 293 423 293 0 4 0 3
 12615935 5 436 280 436 280 436 280 501 280 501 280 501 280 0 3 0 3
 12615935 5 501 267 501 267 501 267 501 228 501 228 501 228 0 3 0 3
 12615935 5 501 176 501 176 501 108 168 108 168 85 168 85 0 3 0 6
3
 7086 1 14 170 228 5 0 0 16200 3
 7008 1 14 404 228 5 0 0 16200 3
 7004 1 14 287 228 5 0 0 16200 3
