Version 0.9.7
5
 4 10 175 77 128 0 1
 5 230 195 206 81 2 2
 0 110 110 877 276 8 3
 1 205 403 206 81 140 4
 3 102 41 203 58 150 6
 0
34
 255 5 71 202 71 202 29 202 29 423 220 423 220 414 0 1 0 4
 0 5 220 472 220 472 52 472 52 249 71 249 71 249 0 4 0 1
 255 5 71 215 71 215 90 215 90 137 163 137 163 137 0 1 0 3
 0 5 71 288 71 288 71 358 71 358 163 358 163 358 0 1 0 3
 0 5 254 319 254 319 254 319 254 358 254 358 254 358 0 3 0 3
 255 5 176 176 176 176 176 176 176 137 176 137 176 137 0 3 0 3
 65280 5 261 414 261 414 261 382 176 382 176 319 176 319 0 4 0 3
 65280 5 280 414 273 414 273 392 189 392 189 319 189 319 0 4 0 3
 65280 5 267 267 267 267 267 267 267 228 267 228 267 228 0 3 0 3
 65280 5 267 176 267 176 128 176 128 85 148 85 148 85 0 3 0 6
 255 5 293 176 293 176 293 176 293 137 293 137 293 137 0 3 0 3
 0 5 371 319 371 319 371 319 371 358 371 358 371 358 0 3 0 3
 0 5 113 78 113 78 57 78 57 262 71 262 71 262 0 6 0 1
 65280 5 202 280 202 280 202 280 215 280 215 280 215 280 0 3 0 3
 65280 5 299 414 226 414 226 315 228 315 228 280 228 280 0 4 0 3
 65280 5 241 280 241 280 241 280 267 280 267 280 267 280 0 3 0 3
 255 5 410 176 410 176 410 176 410 137 410 137 410 137 0 3 0 3
 0 5 488 319 488 319 488 319 488 358 488 358 488 358 0 3 0 3
 255 5 527 176 527 176 527 176 527 137 527 137 527 137 0 3 0 3
 0 5 605 319 605 319 605 319 605 358 605 358 605 358 0 3 0 3
 16744448 5 261 427 261 396 274 396 274 280 293 280 293 280 0 4 0 3
 16744703 5 306 280 306 280 306 280 410 280 410 280 410 280 0 3 0 3
 16744703 5 280 427 291 427 291 391 423 391 423 280 423 280 0 4 0 3
 16744703 5 306 293 306 293 306 293 449 293 449 293 449 293 0 3 0 3
 16744703 5 299 427 299 427 462 427 462 427 462 293 462 293 0 4 0 3
 16744703 5 280 440 280 455 447 455 447 215 423 215 423 215 0 4 0 3
 16744703 5 299 440 299 440 431 440 431 215 436 215 436 215 0 4 0 3
 4194432 5 436 280 436 280 436 280 527 280 527 280 527 280 0 3 0 3
 4194432 5 475 293 475 293 475 293 540 293 540 293 540 293 0 3 0 3
 4194432 5 553 280 553 280 553 280 566 280 566 280 566 280 0 3 0 3
 4194432 5 449 215 449 215 579 215 579 215 579 280 579 280 0 3 0 3
 4194432 5 592 280 592 280 592 280 618 280 618 280 618 280 0 3 0 3
 4194432 5 618 267 618 267 618 267 618 228 618 228 618 228 0 3 0 3
 4194432 5 618 176 618 176 618 110 168 110 168 85 168 85 0 3 0 6
4
 7086 1 14 170 228 5 0 0 16200 3
 7004 1 14 287 228 5 0 0 16200 3
 7008 1 14 404 228 5 0 0 16200 3
 7032 1 14 521 228 5 0 0 4 3
