Version 0.9.7
5
 4 10 175 77 128 0 1
 5 80 400 206 81 2 2
 0 113 146 877 276 8 3
 3 131 63 203 58 140 4
 1 169 435 206 81 149 5
 0
23
 255 5 184 446 184 446 16 446 16 228 71 228 71 228 0 5 0 1
 255 5 71 215 71 215 58 215 58 173 166 173 166 173 0 1 0 3
 0 5 142 100 142 100 103 100 103 249 71 249 71 249 0 4 0 1
 0 5 71 288 71 288 71 394 71 394 166 394 166 394 0 1 0 3
 8454143 5 322 251 322 242 185 242 185 433 225 433 225 446 0 3 0 5
 8454143 5 335 355 335 355 335 434 244 434 244 446 244 446 0 3 0 5
 8454143 5 270 355 270 355 268 355 268 446 263 446 263 446 0 3 0 5
 8454143 5 244 355 244 355 244 424 273 424 273 446 282 446 0 3 0 5
 12615935 5 301 446 301 446 315 446 315 251 309 251 309 251 0 5 0 3
 12615935 5 320 446 320 446 320 355 320 355 322 355 322 355 0 5 0 3
 12615935 5 283 355 289 355 289 454 339 454 339 446 339 446 0 3 0 5
 12615935 5 358 446 358 446 358 230 244 230 244 251 244 251 0 5 0 3
 4210816 5 270 251 270 260 153 260 153 107 177 107 177 107 0 3 0 4
 4227327 5 335 251 335 251 335 130 197 130 197 107 197 107 0 3 0 4
 4227327 5 309 316 309 327 225 327 225 107 217 107 217 107 0 3 0 4
 4227327 5 257 316 257 316 235 316 235 107 237 107 237 107 0 3 0 4
 4227327 5 257 251 257 251 257 251 257 107 257 107 257 107 0 3 0 4
 0 5 71 275 71 275 71 504 71 504 184 504 184 504 0 1 0 5
 255 5 400 173 400 173 400 173 400 407 400 407 400 407 0 3 0 3
 65793 5 413 160 413 160 413 160 413 394 413 394 413 394 0 3 0 3
 65793 5 296 160 296 160 296 160 296 212 296 212 296 212 0 3 0 3
 255 5 296 407 296 407 296 407 296 355 296 355 296 355 0 3 0 3
 0 5 283 251 283 251 283 251 283 160 283 160 283 160 0 3 0 3
1
 7083 1 16 238 264 5 0 0 0 3
