Version 0.9.7
5
 4 10 175 77 128 0 1
 5 80 400 206 81 2 2
 0 110 110 877 276 8 3
 1 138 394 206 81 140 4
 3 159 37 203 58 150 5
 0
22
 0 5 71 288 71 288 61 288 61 463 153 463 153 463 0 1 0 4
 0 5 71 275 74 275 74 356 163 356 163 358 163 358 0 1 0 3
 0 5 170 74 170 74 57 74 57 262 71 262 71 262 0 5 0 1
 255 5 215 176 215 176 215 176 215 137 215 137 215 137 0 3 0 3
 255 5 163 137 163 137 71 137 71 137 71 189 71 189 0 3 0 1
 8421631 5 194 431 194 431 171 431 171 81 205 81 205 81 0 4 0 5
 8454143 5 194 418 194 418 179 418 179 312 215 312 215 319 0 4 0 3
 8454143 5 213 431 213 431 199 431 199 319 228 319 228 319 0 4 0 3
 8454143 5 241 280 241 280 241 280 306 280 306 280 306 280 0 3 0 3
 8454143 5 306 267 306 267 306 267 306 228 306 228 306 228 0 3 0 3
 0 5 293 319 293 319 293 319 293 358 293 358 293 358 0 3 0 3
 8454143 5 306 176 306 176 306 174 225 174 225 81 225 81 0 3 0 5
 8454016 5 213 418 213 418 192 418 192 328 254 328 254 319 0 4 0 3
 8454016 5 232 431 224 431 224 336 267 336 267 319 267 319 0 4 0 3
 8454016 5 280 293 280 293 280 293 319 293 319 293 319 293 0 3 0 3
 8454016 5 319 267 319 267 319 267 319 228 319 228 319 228 0 3 0 3
 8454016 5 319 176 319 166 242 166 242 81 245 81 245 81 0 3 0 5
 16777088 5 232 418 232 418 233 418 233 215 228 215 228 215 0 4 0 3
 16777088 5 251 405 251 405 243 405 243 215 241 215 241 215 0 4 0 3
 16777088 5 254 215 254 215 254 215 332 215 332 215 332 215 0 3 0 3
 16777088 5 332 176 332 162 267 162 267 81 265 81 265 81 0 3 0 5
 255 5 153 405 153 405 67 405 67 202 71 202 71 202 0 4 0 1
1
 7086 1 14 209 228 5 0 0 8492 3
