Version 0.9.7
5
 4 10 175 77 128 0 1
 5 80 400 206 81 2 2
 0 130 130 877 276 8 3
 1 173 441 206 81 140 4
 3 148 60 203 58 150 5
 0
31
 255 5 188 452 188 415 91 415 91 228 71 228 71 228 0 4 0 1
 65793 5 188 510 188 510 59 510 59 249 71 249 71 249 0 4 0 1
 65793 5 159 97 159 97 99 97 99 262 71 262 71 262 0 5 0 1
 255 5 183 157 183 157 71 157 71 157 71 189 71 189 0 3 0 1
 0 5 71 275 71 275 100 275 100 378 183 378 183 378 0 1 0 3
 255 5 235 196 235 196 235 196 235 157 235 157 235 157 0 3 0 3
 255 5 391 196 391 196 391 196 391 157 391 157 391 157 0 3 0 3
 255 5 547 196 547 196 547 196 547 157 547 157 547 157 0 3 0 3
 65793 5 313 339 313 339 313 339 313 378 313 378 313 378 0 3 0 3
 65793 5 469 339 469 339 469 339 469 378 469 378 469 378 0 3 0 3
 65793 5 625 339 625 339 625 339 625 378 625 378 625 378 0 3 0 3
 32768 5 229 452 229 452 216 452 216 339 235 339 235 339 0 4 0 3
 32768 5 248 452 290 452 290 413 404 413 404 339 404 339 0 4 0 3
 32768 5 417 300 417 300 417 300 482 300 482 300 482 300 0 3 0 3
 32768 5 482 287 482 287 482 287 482 248 482 248 482 248 0 3 0 3
 32768 5 482 196 482 196 482 135 194 135 194 104 194 104 0 3 0 5
 32768 5 248 339 248 339 248 348 391 348 391 339 391 339 0 3 0 3
 33023 5 495 196 495 196 495 114 234 114 234 104 234 104 0 3 0 5
 33023 5 248 465 248 465 258 465 258 339 261 339 261 339 0 4 0 3
 33023 5 443 339 443 339 443 355 274 355 274 339 274 339 0 3 0 3
 33023 5 229 478 229 478 229 486 430 486 430 339 430 339 0 4 0 3
 33023 5 456 313 456 313 456 313 495 313 495 313 495 313 0 3 0 3
 33023 5 495 248 495 248 495 248 495 287 495 287 495 287 0 3 0 3
 12615935 5 248 326 248 326 248 210 404 210 404 235 404 235 0 3 0 3
 12615935 5 274 326 274 326 274 219 417 219 417 235 417 235 0 3 0 3
 12615935 5 560 235 560 235 560 235 430 235 430 235 430 235 0 3 0 3
 12615935 5 235 326 235 326 235 199 443 199 443 222 443 222 0 3 0 3
 12615935 5 261 326 261 326 261 244 456 244 456 222 456 222 0 3 0 3
 12615935 5 469 222 469 222 573 222 573 222 573 235 573 235 0 3 0 3
 12615935 5 586 235 586 235 586 235 638 235 638 235 638 235 0 3 0 3
 12615935 5 638 196 638 196 638 124 214 124 214 104 214 104 0 3 0 5
3
 7004 1 14 229 248 5 0 0 4708 3
 7008 1 14 385 248 5 0 0 4708 3
 7032 1 14 541 248 5 0 0 8492 3
