Version 0.9.7
5
 4 10 175 77 128 0 1
 5 88 401 206 81 2 2
 0 110 110 877 276 8 3
 1 148 396 206 81 140 4
 3 111 47 203 58 150 5
 0
40
 255 5 163 407 163 407 56 407 56 202 71 202 71 202 0 4 0 1
 255 5 163 137 163 137 71 137 71 137 71 215 71 215 0 3 0 1
 255 5 202 137 202 137 202 137 202 176 202 176 202 176 0 3 0 3
 255 5 319 137 319 137 319 137 319 176 319 176 319 176 0 3 0 3
 255 5 436 137 436 137 436 137 436 176 436 176 436 176 0 3 0 3
 0 5 71 249 71 249 62 249 62 465 163 465 163 465 0 1 0 4
 0 5 280 319 280 319 280 319 280 358 280 358 280 358 0 3 0 3
 0 5 397 319 397 319 397 319 397 358 397 358 397 358 0 3 0 3
 0 5 163 358 163 358 87 358 87 262 71 262 71 262 0 3 0 1
 0 5 514 319 514 319 514 319 514 358 514 358 514 358 0 3 0 3
 255 5 553 176 553 176 553 176 553 137 553 137 553 137 0 3 0 3
 0 5 631 319 631 319 631 319 631 358 631 358 631 358 0 3 0 3
 0 5 71 275 71 275 8 275 8 84 122 84 122 84 0 1 0 5
 12615935 5 223 407 223 397 197 397 197 319 202 319 202 319 0 4 0 3
 8454143 5 242 407 242 407 233 407 233 319 228 319 228 319 0 4 0 3
 8454016 5 254 319 254 319 254 407 254 407 261 407 261 407 0 3 0 4
 16777088 5 215 215 215 215 181 215 181 439 280 439 280 407 0 3 0 4
 33023 5 241 280 241 280 241 281 319 281 319 280 319 280 0 3 0 3
 33023 5 267 293 267 293 267 289 332 289 332 293 332 293 0 3 0 3
 33023 5 241 293 241 293 241 301 358 301 358 293 358 293 0 3 0 3
 33023 5 228 215 228 213 287 213 287 271 371 271 371 293 0 3 0 3
 33023 5 215 280 215 272 146 272 146 207 332 207 332 215 0 3 0 3
 33023 5 228 202 228 202 345 202 345 202 345 215 345 215 0 3 0 3
 33023 5 242 420 242 420 242 427 436 427 436 319 436 319 0 4 0 3
 33023 5 261 420 261 420 261 411 445 411 445 319 449 319 0 4 0 3
 33023 5 462 319 462 319 462 319 475 319 475 319 475 319 0 3 0 3
 33023 5 280 420 280 420 488 420 488 420 488 319 488 319 0 4 0 3
 33023 5 449 215 449 215 449 380 223 380 223 420 223 420 0 3 0 4
 33023 5 267 319 267 319 267 332 465 332 465 215 462 215 0 3 0 3
 33023 5 280 433 280 433 495 433 495 213 501 213 501 215 0 4 0 3
 33023 5 475 215 475 215 475 214 488 214 488 215 488 215 0 3 0 3
 4194432 5 514 215 514 215 514 280 514 280 553 280 553 280 0 3 0 3
 4194432 5 358 215 358 206 544 206 544 280 566 280 566 280 0 3 0 3
 4194432 5 579 280 579 280 579 280 592 280 592 280 592 280 0 3 0 3
 4194432 5 345 293 345 293 345 312 605 312 605 280 605 280 0 3 0 3
 4194432 5 566 215 566 215 566 224 618 224 618 280 618 280 0 3 0 3
 4194432 5 384 293 384 293 384 296 579 296 579 215 579 215 0 3 0 3
 4194432 5 592 215 592 215 592 215 605 215 605 215 605 215 0 3 0 3
 4194432 5 501 319 501 319 627 319 627 215 618 215 618 215 0 3 0 3
 4194432 5 631 215 631 215 631 91 631 91 297 91 297 91 0 3 0 5
4
 7004 1 14 196 228 5 0 0 5428 3
 7008 1 14 313 228 5 0 0 0 3
 7008 1 14 430 228 5 0 0 5428 3
 7032 1 14 547 228 5 0 0 5428 3
